-0.4
-0.4
-0.4
-0.4
-0.4
-0.4
-0.4
-0.4
-0.32915
-0.32915
-0.32915
-0.32915
-0.32915
-0.32915
-0.32915
-0.32915
-0.32915
-0.32915
-0.32915
-0.32915
-0.32915
-0.32915
-0.32915
-0.32915
-0.247214
-0.247214
-0.247214
-0.247214
-0.247214
-0.247214
-0.247214
-0.247214
-0.247214
-0.247214
-0.247214
-0.247214
-0.247214
-0.247214
-0.247214
-0.247214
-0.247214
-0.247214
-0.247214
-0.247214
-0.247214
-0.247214
-0.247214
-0.247214
-0.2
-0.2
-0.2
-0.2
-0.2
-0.2
-0.2
-0.2
-0.2
-0.2
-0.2
-0.2
-0.2
-0.2
-0.2
-0.2
-0.2
-0.2
-0.2
-0.2
-0.2
-0.2
-0.2
-0.2
-0.2
-0.2
-0.2
-0.2
-0.2
-0.2
-0.2
-0.2
-0.14641
-0.14641
-0.14641
-0.14641
-0.14641
-0.14641
-0.14641
-0.14641
-0.14641
-0.14641
-0.14641
-0.14641
-0.14641
-0.14641
-0.14641
-0.14641
-1.33707e-15
-1.06482e-15
-9.30319e-16
-5.3653e-16
-4.31619e-16
-3.20265e-16
-3.12437e-16
-3.10671e-16
-3.03809e-16
-2.95389e-16
-2.59287e-16
-2.58726e-16
-2.30382e-16
-2.27418e-16
-2.27247e-16
-2.24607e-16
-2.19181e-16
-2.03809e-16
-2.01639e-16
-1.979e-16
-1.93337e-16
-1.8655e-16
-1.81079e-16
-1.74642e-16
-1.69013e-16
-1.62924e-16
-1.60596e-16
-1.54442e-16
-1.48429e-16
-1.44828e-16
-1.43899e-16
-1.43447e-16
-1.36579e-16
-1.32586e-16
-1.30604e-16
-1.25798e-16
-1.21155e-16
-1.20007e-16
-1.12303e-16
-1.10916e-16
-1.08077e-16
-1.07349e-16
-9.11253e-17
-9.05788e-17
-8.82578e-17
-8.30939e-17
-8.02371e-17
-7.67185e-17
-7.40506e-17
-7.18431e-17
-7.1782e-17
-7.02734e-17
-6.62242e-17
-6.26877e-17
-6.18575e-17
-5.52428e-17
-5.38077e-17
-4.77547e-17
-4.61701e-17
-4.4228e-17
-4.40557e-17
-3.90123e-17
-3.83252e-17
-3.60743e-17
-3.53623e-17
-3.36648e-17
-2.71618e-17
-2.60382e-17
-2.24404e-17
-2.07386e-17
-1.99717e-17
-1.48767e-17
-1.40942e-17
-9.81541e-18
-9.16845e-18
-6.80497e-18
-5.57654e-18
-2.29069e-18
5.41905e-19
2.01363e-18
2.36554e-18
3.88281e-18
7.29678e-18
1.50258e-17
1.66964e-17
1.98685e-17
2.21369e-17
2.23834e-17
2.65761e-17
2.76499e-17
3.19395e-17
3.55018e-17
3.72427e-17
3.73087e-17
3.88101e-17
3.94409e-17
4.58304e-17
4.61125e-17
5.07357e-17
5.38056e-17
5.45626e-17
5.52711e-17
5.70115e-17
5.93556e-17
6.71625e-17
6.89451e-17
7.16056e-17
7.81607e-17
7.96641e-17
7.98129e-17
8.58207e-17
8.76789e-17
9.07154e-17
9.63503e-17
9.93791e-17
1.02377e-16
1.02705e-16
1.05545e-16
1.06502e-16
1.0941e-16
1.15598e-16
1.24283e-16
1.24571e-16
1.25095e-16
1.28812e-16
1.3461e-16
1.36745e-16
1.36775e-16
1.42032e-16
1.44112e-16
1.4424e-16
1.48372e-16
1.54674e-16
1.57477e-16
1.66521e-16
1.67019e-16
1.69934e-16
1.78082e-16
1.8467e-16
1.89313e-16
1.89445e-16
1.92748e-16
1.95e-16
2.02306e-16
2.07991e-16
2.21169e-16
2.28169e-16
2.28988e-16
2.37617e-16
2.52297e-16
2.53254e-16
2.62483e-16
2.90478e-16
2.95464e-16
3.96644e-16
5.57735e-16
5.88617e-16
8.92956e-16
1.12636e-15
1.30207e-15
0.4
0.4
0.4
0.4
0.4
0.4
0.4
0.4
0.4
0.4
0.4
0.4
0.4
0.4
0.4
0.4
0.4
0.4
0.4
0.4
0.4
0.4
0.4
0.4
0.4
0.4
0.4
0.4
0.4
0.4
0.4
0.4
0.54641
0.54641
0.54641
0.54641
0.54641
0.54641
0.54641
0.54641
0.54641
0.54641
0.54641
0.54641
0.54641
0.54641
0.54641
0.54641
0.6
0.6
0.6
0.6
0.6
0.6
0.6
0.6
0.6
0.6
0.6
0.6
0.6
0.6
0.6
0.6
0.6
0.6
0.6
0.6
0.6
0.6
0.6
0.6
0.6
0.6
0.6
0.6
0.6
0.6
0.6
0.6
0.647214
0.647214
0.647214
0.647214
0.647214
0.647214
0.647214
0.647214
0.647214
0.647214
0.647214
0.647214
0.647214
0.647214
0.647214
0.647214
0.647214
0.647214
0.647214
0.647214
0.647214
0.647214
0.647214
0.647214
0.72915
0.72915
0.72915
0.72915
0.72915
0.72915
0.72915
0.72915
0.72915
0.72915
0.72915
0.72915
0.72915
0.72915
0.72915
0.72915
0.8
0.8
0.8
0.8
0.8
0.8
0.8
0.8
