-0.4
-0.4
-0.4
-0.4
-0.4
-0.4
-0.4
-0.4
-0.32915
-0.32915
-0.32915
-0.32915
-0.32915
-0.32915
-0.32915
-0.32915
-0.32915
-0.32915
-0.32915
-0.32915
-0.32915
-0.32915
-0.32915
-0.32915
-0.247214
-0.247214
-0.247214
-0.247214
-0.247214
-0.247214
-0.247214
-0.247214
-0.247214
-0.247214
-0.247214
-0.247214
-0.247214
-0.247214
-0.247214
-0.247214
-0.247214
-0.247214
-0.247214
-0.247214
-0.247214
-0.247214
-0.247214
-0.247214
-0.2
-0.2
-0.2
-0.2
-0.2
-0.2
-0.2
-0.2
-0.2
-0.2
-0.2
-0.2
-0.2
-0.2
-0.2
-0.2
-0.2
-0.2
-0.2
-0.2
-0.2
-0.2
-0.2
-0.2
-0.2
-0.2
-0.2
-0.2
-0.2
-0.2
-0.2
-0.2
-0.14641
-0.14641
-0.14641
-0.14641
-0.14641
-0.14641
-0.14641
-0.14641
-0.14641
-0.14641
-0.14641
-0.14641
-0.14641
-0.14641
-0.14641
-0.14641
-1.85776e-15
-1.75359e-15
-1.72409e-15
-1.54052e-15
-1.51792e-15
-1.50378e-15
-1.43167e-15
-1.3622e-15
-1.33229e-15
-1.31525e-15
-1.27441e-15
-1.26763e-15
-1.17856e-15
-1.1693e-15
-1.1519e-15
-1.10557e-15
-1.06455e-15
-1.04174e-15
-1.01948e-15
-1.00917e-15
-9.41736e-16
-9.35088e-16
-9.10599e-16
-9.09818e-16
-9.06441e-16
-9.02901e-16
-8.92498e-16
-8.85787e-16
-8.67958e-16
-8.34924e-16
-8.07537e-16
-7.89097e-16
-7.65e-16
-7.57895e-16
-7.35253e-16
-7.22631e-16
-7.2044e-16
-6.80202e-16
-6.75333e-16
-6.72682e-16
-6.69364e-16
-5.75689e-16
-5.31761e-16
-5.20887e-16
-5.16673e-16
-5.10802e-16
-4.92776e-16
-4.65e-16
-4.63049e-16
-4.38875e-16
-4.27813e-16
-4.20695e-16
-4.15872e-16
-4.06456e-16
-3.90485e-16
-3.71913e-16
-3.65404e-16
-3.60683e-16
-3.32268e-16
-3.3195e-16
-3.29289e-16
-3.11197e-16
-2.7919e-16
-2.75637e-16
-2.71502e-16
-2.60826e-16
-2.6046e-16
-2.36073e-16
-2.31846e-16
-2.165e-16
-2.1305e-16
-1.99368e-16
-1.89996e-16
-1.57558e-16
-1.46117e-16
-1.41476e-16
-1.32561e-16
-1.24595e-16
-9.56374e-17
-9.28933e-17
-9.22044e-17
-5.71461e-17
-2.61876e-17
-2.49207e-17
-2.37037e-17
-1.43212e-17
3.87153e-18
1.67132e-17
1.72765e-17
1.77487e-17
2.25821e-17
3.05418e-17
4.74942e-17
8.25617e-17
9.27788e-17
1.08024e-16
1.11623e-16
1.14365e-16
1.6115e-16
1.6618e-16
1.70658e-16
2.00874e-16
2.14549e-16
2.16424e-16
2.16867e-16
2.20183e-16
2.2505e-16
2.30737e-16
2.43113e-16
2.5022e-16
2.63731e-16
3.13191e-16
3.26801e-16
3.29431e-16
3.3872e-16
3.49001e-16
3.53708e-16
3.58276e-16
3.62865e-16
3.68189e-16
3.9281e-16
4.02888e-16
4.09986e-16
4.14822e-16
4.33965e-16
4.35194e-16
4.41972e-16
4.52141e-16
5.30767e-16
5.32441e-16
5.42357e-16
5.48325e-16
5.99522e-16
6.40149e-16
6.43607e-16
6.66608e-16
6.79023e-16
7.1838e-16
7.37353e-16
7.52888e-16
7.67533e-16
7.77967e-16
8.4949e-16
8.77165e-16
9.30192e-16
9.53712e-16
9.67286e-16
1.02567e-15
1.05176e-15
1.05856e-15
1.08297e-15
1.22869e-15
1.29809e-15
1.29911e-15
1.34065e-15
1.37409e-15
1.43635e-15
1.48508e-15
1.5768e-15
1.99201e-15
0.4
0.4
0.4
0.4
0.4
0.4
0.4
0.4
0.4
0.4
0.4
0.4
0.4
0.4
0.4
0.4
0.4
0.4
0.4
0.4
0.4
0.4
0.4
0.4
0.4
0.4
0.4
0.4
0.4
0.4
0.4
0.4
0.54641
0.54641
0.54641
0.54641
0.54641
0.54641
0.54641
0.54641
0.54641
0.54641
0.54641
0.54641
0.54641
0.54641
0.54641
0.54641
0.6
0.6
0.6
0.6
0.6
0.6
0.6
0.6
0.6
0.6
0.6
0.6
0.6
0.6
0.6
0.6
0.6
0.6
0.6
0.6
0.6
0.6
0.6
0.6
0.6
0.6
0.6
0.6
0.6
0.6
0.6
0.6
0.647214
0.647214
0.647214
0.647214
0.647214
0.647214
0.647214
0.647214
0.647214
0.647214
0.647214
0.647214
0.647214
0.647214
0.647214
0.647214
0.647214
0.647214
0.647214
0.647214
0.647214
0.647214
0.647214
0.647214
0.72915
0.72915
0.72915
0.72915
0.72915
0.72915
0.72915
0.72915
0.72915
0.72915
0.72915
0.72915
0.72915
0.72915
0.72915
0.72915
0.8
0.8
0.8
0.8
0.8
0.8
0.8
0.8
