0    0   0    0.28     0.28     2.4
1    0.01   0    0.27998     0.279992     2.39993
2    0.02   0    0.279922     0.279968     2.39971
3    0.03   0    0.279824     0.279928     2.39935
4    0.04   0    0.279687     0.279872     2.39884
5    0.05   0    0.279511     0.2798     2.39819
6    0.06   0    0.279296     0.279712     2.39739
7    0.07   0    0.279043     0.279608     2.39645
8    0.08   0    0.27875     0.279488     2.39537
9    0.09   0    0.278418     0.279352     2.39414
10    0.1   0    0.278047     0.279201     2.39276
11    0.11   0    0.277637     0.279033     2.39124
12    0.12   0    0.277188     0.278849     2.38958
13    0.13   0    0.2767     0.27865     2.38777
14    0.14   0    0.276174     0.278435     2.38582
15    0.15   0    0.275609     0.278203     2.38373
16    0.16   0    0.275005     0.277956     2.38149
17    0.17   0    0.274362     0.277694     2.37911
18    0.18   0    0.273681     0.277415     2.37659
19    0.19   0    0.272961     0.277121     2.37393
20    0.2   0    0.272203     0.276811     2.37112
21    0.21   0    0.271406     0.276485     2.36817
22    0.22   0    0.270571     0.276144     2.36508
23    0.23   0    0.269698     0.275787     2.36185
24    0.24   0    0.268786     0.275414     2.35848
25    0.25   0    0.267836     0.275026     2.35496
26    0.26   0    0.266848     0.274622     2.35131
27    0.27   0    0.265822     0.274203     2.34752
28    0.28   0    0.264758     0.273769     2.34358
29    0.29   0    0.263657     0.273319     2.33951
30    0.3   0    0.262517     0.272854     2.3353
31    0.31   0    0.26134     0.272373     2.33095
32    0.32   0    0.260126     0.271878     2.32647
33    0.33   0    0.258874     0.271367     2.32184
34    0.34   0    0.257585     0.270841     2.31708
35    0.35   0    0.256258     0.2703     2.31219
36    0.36   0    0.254894     0.269743     2.30716
37    0.37   0    0.253494     0.269172     2.30199
38    0.38   0    0.252056     0.268586     2.29669
39    0.39   0    0.250582     0.267985     2.29125
40    0.4   0    0.24907     0.26737     2.28568
41    0.41   0    0.247523     0.266739     2.27998
42    0.42   0    0.245939     0.266094     2.27414
43    0.43   0    0.244319     0.265435     2.26818
44    0.44   0    0.242662     0.26476     2.26208
45    0.45   0    0.24097     0.264072     2.25585
46    0.46   0    0.239241     0.263368     2.2495
47    0.47   0    0.237477     0.262651     2.24301
48    0.48   0    0.235678     0.261919     2.23639
49    0.49   0    0.233843     0.261173     2.22965
50    0.5   0    0.231972     0.260413     2.22278
51    0.51   0    0.230067     0.259639     2.21578
52    0.52   0    0.228126     0.258851     2.20866
53    0.53   0    0.226151     0.258049     2.20141
54    0.54   0    0.224141     0.257233     2.19404
55    0.55   0    0.222096     0.256404     2.18655
56    0.56   0    0.220017     0.255561     2.17893
57    0.57   0    0.217904     0.254704     2.17119
58    0.58   0    0.215757     0.253834     2.16333
59    0.59   0    0.213576     0.252951     2.15535
60    0.6   0    0.211361     0.252054     2.14726
61    0.61   0    0.209113     0.251144     2.13904
62    0.62   0    0.206832     0.250221     2.1307
63    0.63   0    0.204517     0.249284     2.12225
64    0.64   0    0.20217     0.248335     2.11369
65    0.65   0    0.199789     0.247373     2.10501
66    0.66   0    0.197376     0.246399     2.09621
67    0.67   0    0.194931     0.245411     2.0873
68    0.68   0    0.192453     0.244412     2.07828
69    0.69   0    0.189943     0.243399     2.06915
70    0.7   0    0.187402     0.242375     2.05991
71    0.71   0    0.184829     0.241338     2.05056
72    0.72   0    0.182224     0.240289     2.0411
73    0.73   0    0.179588     0.239228     2.03153
74    0.74   0    0.176922     0.238155     2.02186
75    0.75   0    0.174224     0.23707     2.01208
76    0.76   0    0.171495     0.235974     2.0022
77    0.77   0    0.168737     0.234866     1.99222
78    0.78   0    0.165948     0.233746     1.98213
79    0.79   0    0.163129     0.232615     1.97195
80    0.8   0    0.16028     0.231473     1.96166
81    0.81   0    0.157401     0.23032     1.95128
82    0.82   0    0.154494     0.229155     1.94079
83    0.83   0    0.151557     0.22798     1.93021
84    0.84   0    0.148591     0.226794     1.91954
85    0.85   0    0.145596     0.225597     1.90877
86    0.86   0    0.142573     0.22439     1.89791
87    0.87   0    0.139522     0.223172     1.88696
88    0.88   0    0.136442     0.221944     1.87592
89    0.89   0    0.133335     0.220706     1.86478
90    0.9   0    0.1302     0.219458     1.85356
91    0.91   0    0.127037     0.218199     1.84225
92    0.92   0    0.123848     0.216931     1.83086
93    0.93   0    0.120631     0.215653     1.81938
94    0.94   0    0.117388     0.214366     1.80782
95    0.95   0    0.114118     0.213069     1.79618
96    0.96   0    0.110822     0.211763     1.78446
97    0.97   0    0.1075     0.210448     1.77265
98    0.98   0    0.104152     0.209124     1.76077
99    0.99   0    0.100778     0.20779     1.74881
100    1   0    0.0973789     0.206448     1.73678
101    1.01   0    0.0939547     0.205098     1.72467
102    1.02   0    0.0905056     0.203739     1.71249
103    1.03   0    0.0870318     0.202371     1.70023
104    1.04   0    0.0835335     0.200995     1.68791
105    1.05   0    0.080011     0.199611     1.67552
106    1.06   0    0.0764645     0.19822     1.66306
107    1.07   0    0.0728941     0.19682     1.65053
108    1.08   0    0.0693002     0.195413     1.63794
109    1.09   0    0.065683     0.193998     1.62529
110    1.1   0    0.0620426     0.192575     1.61257
111    1.11   0    0.0583793     0.191146     1.5998
112    1.12   0    0.0546934     0.189709     1.58696
113    1.13   0    0.050985     0.188266     1.57407
114    1.14   0    0.0472544     0.186815     1.56112
115    1.15   0    0.0435017     0.185358     1.54812
116    1.16   0    0.0397273     0.183894     1.53506
117    1.17   0    0.0359313     0.182424     1.52195
118    1.18   0    0.032114     0.180948     1.50879
119    1.19   0    0.0282755     0.179466     1.49558
120    1.2   0    0.0244161     0.177977     1.48232
121    1.21   0    0.0205359     0.176483     1.46902
122    1.22   0    0.0166353     0.174983     1.45567
123    1.23   0    0.0127144     0.173478     1.44228
124    1.24   0    0.00877336     0.171967     1.42885
125    1.25   0    0.00481246     0.170452     1.41538
126    1.26   0    0.00083187     0.168931     1.40187
127    1.27   0    -0.0031682     0.167405     1.38833
128    1.28   0    -0.00718756     0.165874     1.37474
129    1.29   0    -0.011226     0.164339     1.36113
130    1.3   0    -0.0152834     0.1628     1.34748
131    1.31   0    -0.0193594     0.161256     1.3338
132    1.32   0    -0.023454     0.159708     1.3201
133    1.33   0    -0.0275669     0.158156     1.30636
134    1.34   0    -0.031698     0.1566     1.2926
135    1.35   0    -0.0358471     0.155041     1.27882
136    1.36   0    -0.0400139     0.153478     1.26501
137    1.37   0    -0.0441984     0.151912     1.25119
138    1.38   0    -0.0484004     0.150343     1.23734
139    1.39   0    -0.0526197     0.14877     1.22348
140    1.4   0    -0.0568561     0.147195     1.2096
141    1.41   0    -0.0611095     0.145617     1.1957
142    1.42   0    -0.0653798     0.144036     1.18179
143    1.43   0    -0.0696667     0.142453     1.16788
144    1.44   0    -0.0739702     0.140868     1.15395
145    1.45   0    -0.0782901     0.13928     1.14002
146    1.46   0    -0.0826263     0.137691     1.12607
147    1.47   0    -0.0869786     0.1361     1.11213
148    1.48   0    -0.091347     0.134507     1.09818
149    1.49   0    -0.0957312     0.132913     1.08423
150    1.5   0    -0.100131     0.131318     1.07029
151    1.51   0    -0.104547     0.129721     1.05634
152    1.52   0    -0.108978     0.128124     1.0424
153    1.53   0    -0.113425     0.126526     1.02847
154    1.54   0    -0.117887     0.124927     1.01454
155    1.55   0    -0.122365     0.123327     1.00063
156    1.56   0    -0.126857     0.121727     0.986722
157    1.57   0    -0.131365     0.120127     0.97283
158    1.58   0    -0.135888     0.118527     0.958953
159    1.59   0    -0.140426     0.116928     0.945093
160    1.6   0    -0.144978     0.115328     0.931251
161    1.61   0    -0.149546     0.113729     0.91743
162    1.62   0    -0.154128     0.112131     0.90363
163    1.63   0    -0.158726     0.110533     0.889855
164    1.64   0    -0.163338     0.108936     0.876105
165    1.65   0    -0.167964     0.107341     0.862382
166    1.66   0    -0.172606     0.105746     0.848689
167    1.67   0    -0.177262     0.104153     0.835026
168    1.68   0    -0.181933     0.102562     0.821397
169    1.69   0    -0.186618     0.100973     0.807802
170    1.7   0    -0.191318     0.0993849     0.794244
171    1.71   0    -0.196033     0.0977993     0.780724
172    1.72   0    -0.200762     0.0962159     0.767245
173    1.73   0    -0.205506     0.0946349     0.753807
174    1.74   0    -0.210265     0.0930564     0.740414
175    1.75   0    -0.215039     0.0914806     0.727066
176    1.76   0    -0.219827     0.0899077     0.713765
177    1.77   0    -0.22463     0.0883378     0.700514
178    1.78   0    -0.229448     0.086771     0.687315
179    1.79   0    -0.234281     0.0852076     0.674168
180    1.8   0    -0.239128     0.0836477     0.661076
181    1.81   0    -0.243991     0.0820914     0.648041
182    1.82   0    -0.248869     0.0805388     0.635065
183    1.83   0    -0.253761     0.0789903     0.622149
184    1.84   0    -0.258669     0.0774458     0.609296
185    1.85   0    -0.263592     0.0759056     0.596506
186    1.86   0    -0.26853     0.0743698     0.583783
187    1.87   0    -0.273484     0.0728385     0.571127
188    1.88   0    -0.278453     0.071312     0.558541
189    1.89   0    -0.283437     0.0697903     0.546026
190    1.9   0    -0.288437     0.0682737     0.533584
191    1.91   0    -0.293452     0.0667622     0.521217
192    1.92   0    -0.298483     0.0652561     0.508928
193    1.93   0    -0.303529     0.0637554     0.496716
194    1.94   0    -0.308591     0.0622603     0.484585
195    1.95   0    -0.313669     0.0607711     0.472536
196    1.96   0    -0.318762     0.0592877     0.460571
197    1.97   0    -0.323871     0.0578104     0.448691
198    1.98   0    -0.328996     0.0563394     0.436898
199    1.99   0    -0.334136     0.0548747     0.425195
200    2   0    -0.339292     0.0534165     0.413581
201    2.01   0    -0.344463     0.051965     0.40206
202    2.02   0    -0.34965     0.0505203     0.390633
203    2.03   0    -0.354852     0.0490825     0.379301
204    2.04   0    -0.360069     0.0476518     0.368065
205    2.05   0    -0.365302     0.0462284     0.356928
206    2.06   0    -0.37055     0.0448123     0.345891
207    2.07   0    -0.375813     0.0434038     0.334956
208    2.08   0    -0.38109     0.0420029     0.324123
209    2.09   0    -0.386382     0.0406098     0.313394
210    2.1   0    -0.391688     0.0392246     0.302771
211    2.11   0    -0.397007     0.0378476     0.292254
212    2.12   0    -0.402341     0.0364787     0.281846
213    2.13   0    -0.407688     0.0351182     0.271547
214    2.14   0    -0.413047     0.0337662     0.261358
215    2.15   0    -0.418419     0.0324228     0.251281
216    2.16   0    -0.423803     0.0310881     0.241317
217    2.17   0    -0.429199     0.0297624     0.231466
218    2.18   0    -0.434605     0.0284457     0.221731
219    2.19   0    -0.440022     0.0271381     0.21211
220    2.2   0    -0.445449     0.0258398     0.202607
221    2.21   0    -0.450884     0.024551     0.19322
222    2.22   0    -0.456328     0.0232716     0.183952
223    2.23   0    -0.461779     0.022002     0.174802
224    2.24   0    -0.467238     0.0207421     0.165772
225    2.25   0    -0.472701     0.0194922     0.156862
226    2.26   0    -0.47817     0.0182523     0.148072
227    2.27   0    -0.483643     0.0170227     0.139404
228    2.28   0    -0.489119     0.0158033     0.130856
229    2.29   0    -0.494597     0.0145943     0.122431
230    2.3   0    -0.500075     0.0133958     0.114127
231    2.31   0    -0.505553     0.0122081     0.105946
232    2.32   0    -0.511029     0.0110311     0.0978866
233    2.33   0    -0.516503     0.00986496     0.0899499
234    2.34   0    -0.521972     0.00870987     0.0821356
235    2.35   0    -0.527436     0.00756591     0.0744437
236    2.36   0    -0.532892     0.00643319     0.0668741
237    2.37   0    -0.538341     0.00531183     0.0594267
238    2.38   0    -0.543779     0.00420194     0.0521013
239    2.39   0    -0.549206     0.00310363     0.0448976
240    2.4   0    -0.55462     0.00201701     0.0378152
241    2.41   0    -0.560019     0.000942182     0.0308539
242    2.42   0    -0.565402     -0.000120737     0.0240132
243    2.43   0    -0.570767     -0.00117164     0.0172927
244    2.44   0    -0.576112     -0.00221043     0.0106918
245    2.45   0    -0.581435     -0.003237     0.00420999
246    2.46   0    -0.586736     -0.00425125     -0.00215329
247    2.47   0    -0.592012     -0.00839868     -0.00525307
248    2.48   0    -0.59726     -0.0145268     -0.00624236
249    2.49   0    -0.60248     -0.0205385     -0.00721903
250    2.5   0    -0.60767     -0.0264343     -0.00818298
251    2.51   0    -0.612827     -0.0322151     -0.00913411
252    2.52   0    -0.61795     -0.0378817     -0.0100723
253    2.53   0    -0.623037     -0.0434348     -0.0109975
254    2.54   0    -0.628086     -0.0488753     -0.0119096
255    2.55   0    -0.633095     -0.054204     -0.0128086
256    2.56   0    -0.638062     -0.0594218     -0.0136942
257    2.57   0    -0.642985     -0.0645296     -0.0145665
258    2.58   0    -0.647863     -0.0695282     -0.0154253
259    2.59   0    -0.652693     -0.0744186     -0.0162706
260    2.6   0    -0.657474     -0.0792017     -0.0171022
261    2.61   0    -0.662203     -0.0838783     -0.0179201
262    2.62   0    -0.66688     -0.0884495     -0.0187243
263    2.63   0    -0.671501     -0.0929161     -0.0195145
264    2.64   0    -0.676066     -0.0972791     -0.0202909
265    2.65   0    -0.680572     -0.101539     -0.0210532
266    2.66   0    -0.685018     -0.105698     -0.0218013
267    2.67   0    -0.689401     -0.109755     -0.0225353
268    2.68   0    -0.693721     -0.113713     -0.0232551
269    2.69   0    -0.697975     -0.117571     -0.0239605
270    2.7   0    -0.702162     -0.121331     -0.0246515
271    2.71   0    -0.706279     -0.124994     -0.0253281
272    2.72   0    -0.710327     -0.12856     -0.0259901
273    2.73   0    -0.714301     -0.132031     -0.0266376
274    2.74   0    -0.718203     -0.135406     -0.0272703
275    2.75   0    -0.722028     -0.138688     -0.0278884
276    2.76   0    -0.725777     -0.141877     -0.0284916
277    2.77   0    -0.729447     -0.144973     -0.02908
278    2.78   0    -0.733038     -0.147978     -0.0296535
279    2.79   0    -0.736548     -0.150891     -0.0302121
280    2.8   0    -0.739974     -0.153715     -0.0307556
281    2.81   0    -0.743317     -0.156449     -0.031284
282    2.82   0    -0.746575     -0.159094     -0.0317973
283    2.83   0    -0.749746     -0.161652     -0.0322954
284    2.84   0    -0.752829     -0.164122     -0.0327783
285    2.85   0    -0.755824     -0.166505     -0.033246
286    2.86   0    -0.758728     -0.168802     -0.0336983
287    2.87   0    -0.761541     -0.171014     -0.0341352
288    2.88   0    -0.764262     -0.17314     -0.0345567
289    2.89   0    -0.766889     -0.175182     -0.0349627
290    2.9   0    -0.769422     -0.177141     -0.0353533
291    2.91   0    -0.77186     -0.179016     -0.0357283
292    2.92   0    -0.774202     -0.180808     -0.0360878
293    2.93   0    -0.776446     -0.182518     -0.0364316
294    2.94   0    -0.778593     -0.184145     -0.0367598
295    2.95   0    -0.78064     -0.185692     -0.0370724
296    2.96   0    -0.782589     -0.187157     -0.0373692
297    2.97   0    -0.784437     -0.188541     -0.0376503
298    2.98   0    -0.786184     -0.189845     -0.0379156
299    2.99   0    -0.787829     -0.191069     -0.0381651
300    3   0    -0.789372     -0.192214     -0.0383988
301    3.01   0    -0.790813     -0.193279     -0.0386167
302    3.02   0    -0.79215     -0.194265     -0.0388187
303    3.03   0    -0.793383     -0.195172     -0.0390048
304    3.04   0    -0.794513     -0.196     -0.039175
305    3.05   0    -0.795537     -0.19675     -0.0393293
306    3.06   0    -0.796457     -0.197422     -0.0394677
307    3.07   0    -0.797271     -0.198016     -0.0395901
308    3.08   0    -0.797979     -0.198532     -0.0396966
309    3.09   0    -0.798582     -0.19897     -0.0397871
310    3.1   0    -0.799078     -0.199331     -0.0398616
311    3.11   0    -0.799468     -0.199614     -0.0399202
312    3.12   0    -0.799751     -0.19982     -0.0399627
313    3.13   0    -0.799928     -0.199948     -0.0399892
314    3.14   0    -0.799999     -0.199999     -0.0399998
315    3.14159   0    -0.8     -0.2     -0.04
316    3.14159   0.01    -0.799981     -0.199996     -0.0399789
317    3.14159   0.02    -0.799924     -0.199984     -0.0399158
318    3.14159   0.03    -0.799829     -0.199964     -0.0398105
319    3.14159   0.04    -0.799697     -0.199936     -0.0396632
320    3.14159   0.05    -0.799526     -0.1999     -0.0394738
321    3.14159   0.06    -0.799318     -0.199856     -0.0392423
322    3.14159   0.07    -0.799072     -0.199804     -0.0389688
323    3.14159   0.08    -0.798788     -0.199744     -0.0386534
324    3.14159   0.09    -0.798466     -0.199676     -0.0382959
325    3.14159   0.1    -0.798107     -0.1996     -0.0378965
326    3.14159   0.11    -0.79771     -0.199516     -0.0374552
327    3.14159   0.12    -0.797275     -0.199425     -0.0369721
328    3.14159   0.13    -0.796802     -0.199325     -0.0364472
329    3.14159   0.14    -0.796292     -0.199217     -0.0358805
330    3.14159   0.15    -0.795745     -0.199102     -0.0352721
331    3.14159   0.16    -0.79516     -0.198978     -0.0346221
332    3.14159   0.17    -0.794537     -0.198847     -0.0339305
333    3.14159   0.18    -0.793877     -0.198707     -0.0331975
334    3.14159   0.19    -0.79318     -0.19856     -0.032423
335    3.14159   0.2    -0.792446     -0.198405     -0.0316072
336    3.14159   0.21    -0.791675     -0.198242     -0.0307501
337    3.14159   0.22    -0.790866     -0.198072     -0.0298519
338    3.14159   0.23    -0.790021     -0.197893     -0.0289126
339    3.14159   0.24    -0.789138     -0.197707     -0.0279323
340    3.14159   0.25    -0.788219     -0.197513     -0.0269111
341    3.14159   0.26    -0.787263     -0.197311     -0.0258491
342    3.14159   0.27    -0.78627     -0.197102     -0.0247464
343    3.14159   0.28    -0.785241     -0.196884     -0.0236032
344    3.14159   0.29    -0.784176     -0.19666     -0.0224195
345    3.14159   0.3    -0.783074     -0.196427     -0.0211955
346    3.14159   0.31    -0.781936     -0.196187     -0.0199312
347    3.14159   0.32    -0.780761     -0.195939     -0.0186269
348    3.14159   0.33    -0.779551     -0.195683     -0.0172827
349    3.14159   0.34    -0.778305     -0.19542     -0.0158986
350    3.14159   0.35    -0.777023     -0.19515     -0.0144749
351    3.14159   0.36    -0.775706     -0.194872     -0.0130116
352    3.14159   0.37    -0.774353     -0.194586     -0.0115089
353    3.14159   0.38    -0.772965     -0.194293     -0.00996701
354    3.14159   0.39    -0.771541     -0.193993     -0.00838604
355    3.14159   0.4    -0.770083     -0.193685     -0.00676614
356    3.14159   0.41    -0.768589     -0.19337     -0.00510749
357    3.14159   0.42    -0.767061     -0.193047     -0.00341025
358    3.14159   0.43    -0.765498     -0.192717     -0.0016746
359    3.14159   0.44    -0.763901     -0.19238     9.92999e-05
360    3.14159   0.45    -0.762269     -0.192036     0.00191126
361    3.14159   0.46    -0.760603     -0.191684     0.0037611
362    3.14159   0.47    -0.758903     -0.191325     0.00564864
363    3.14159   0.48    -0.75717     -0.19096     0.00757368
364    3.14159   0.49    -0.755402     -0.190587     0.00953604
365    3.14159   0.5    -0.753602     -0.190207     0.0115355
366    3.14159   0.51    -0.751767     -0.18982     0.0135719
367    3.14159   0.52    -0.7499     -0.189426     0.015645
368    3.14159   0.53    -0.748     -0.189025     0.0177546
369    3.14159   0.54    -0.746067     -0.188617     0.0199004
370    3.14159   0.55    -0.744102     -0.188202     0.0220824
371    3.14159   0.56    -0.742104     -0.18778     0.0243001
372    3.14159   0.57    -0.740074     -0.187352     0.0265536
373    3.14159   0.58    -0.738012     -0.186917     0.0288424
374    3.14159   0.59    -0.735919     -0.186475     0.0311664
375    3.14159   0.6    -0.733794     -0.186027     0.0335253
376    3.14159   0.61    -0.731637     -0.185572     0.0359189
377    3.14159   0.62    -0.72945     -0.18511     0.038347
378    3.14159   0.63    -0.727231     -0.184642     0.0408093
379    3.14159   0.64    -0.724982     -0.184168     0.0433055
380    3.14159   0.65    -0.722703     -0.183687     0.0458355
381    3.14159   0.66    -0.720393     -0.183199     0.0483989
382    3.14159   0.67    -0.718053     -0.182706     0.0509955
383    3.14159   0.68    -0.715683     -0.182206     0.0536251
384    3.14159   0.69    -0.713284     -0.1817     0.0562873
385    3.14159   0.7    -0.710856     -0.181187     0.058982
386    3.14159   0.71    -0.708398     -0.180669     0.0617088
387    3.14159   0.72    -0.705912     -0.180144     0.0644674
388    3.14159   0.73    -0.703397     -0.179614     0.0672576
389    3.14159   0.74    -0.700854     -0.179077     0.0700792
390    3.14159   0.75    -0.698283     -0.178535     0.0729317
391    3.14159   0.76    -0.695684     -0.177987     0.075815
392    3.14159   0.77    -0.693057     -0.177433     0.0787288
393    3.14159   0.78    -0.690403     -0.176873     0.0816726
394    3.14159   0.79    -0.687723     -0.176308     0.0846464
395    3.14159   0.8    -0.685015     -0.175737     0.0876497
396    3.14159   0.81    -0.682281     -0.17516     0.0906822
397    3.14159   0.82    -0.679521     -0.174578     0.0937437
398    3.14159   0.83    -0.676734     -0.17399     0.0968339
399    3.14159   0.84    -0.673923     -0.173397     0.0999523
400    3.14159   0.85    -0.671085     -0.172799     0.103099
401    3.14159   0.86    -0.668223     -0.172195     0.106273
402    3.14159   0.87    -0.665336     -0.171586     0.109475
403    3.14159   0.88    -0.662424     -0.170972     0.112703
404    3.14159   0.89    -0.659488     -0.170353     0.115959
405    3.14159   0.9    -0.656528     -0.169729     0.11924
406    3.14159   0.91    -0.653545     -0.1691     0.122548
407    3.14159   0.92    -0.650538     -0.168466     0.125882
408    3.14159   0.93    -0.647508     -0.167827     0.129241
409    3.14159   0.94    -0.644455     -0.167183     0.132625
410    3.14159   0.95    -0.64138     -0.166535     0.136034
411    3.14159   0.96    -0.638283     -0.165882     0.139467
412    3.14159   0.97    -0.635164     -0.165224     0.142924
413    3.14159   0.98    -0.632023     -0.164562     0.146405
414    3.14159   0.99    -0.628861     -0.163895     0.149909
415    3.14159   1    -0.625679     -0.163224     0.153437
416    3.14159   1.01    -0.622475     -0.162549     0.156987
417    3.14159   1.02    -0.619252     -0.161869     0.160559
418    3.14159   1.03    -0.616008     -0.161186     0.164153
419    3.14159   1.04    -0.612745     -0.160498     0.167769
420    3.14159   1.05    -0.609463     -0.159806     0.171406
421    3.14159   1.06    -0.606161     -0.15911     0.175064
422    3.14159   1.07    -0.602841     -0.15841     0.178742
423    3.14159   1.08    -0.599503     -0.157706     0.18244
424    3.14159   1.09    -0.596147     -0.156999     0.186158
425    3.14159   1.1    -0.592773     -0.156288     0.189896
426    3.14159   1.11    -0.589381     -0.155573     0.193652
427    3.14159   1.12    -0.585973     -0.154855     0.197427
428    3.14159   1.13    -0.582548     -0.154133     0.201221
429    3.14159   1.14    -0.579107     -0.153408     0.205032
430    3.14159   1.15    -0.57565     -0.152679     0.20886
431    3.14159   1.16    -0.572178     -0.151947     0.212706
432    3.14159   1.17    -0.56869     -0.151212     0.216568
433    3.14159   1.18    -0.565187     -0.150474     0.220447
434    3.14159   1.19    -0.56167     -0.149733     0.224342
435    3.14159   1.2    -0.558138     -0.148989     0.228252
436    3.14159   1.21    -0.554593     -0.148242     0.232177
437    3.14159   1.22    -0.551034     -0.147492     0.236117
438    3.14159   1.23    -0.547462     -0.146739     0.240072
439    3.14159   1.24    -0.543877     -0.145984     0.24404
440    3.14159   1.25    -0.54028     -0.145226     0.248022
441    3.14159   1.26    -0.53667     -0.144465     0.252017
442    3.14159   1.27    -0.533049     -0.143702     0.256025
443    3.14159   1.28    -0.529417     -0.142937     0.260045
444    3.14159   1.29    -0.525774     -0.14217     0.264077
445    3.14159   1.3    -0.52212     -0.1414     0.268121
446    3.14159   1.31    -0.518456     -0.140628     0.272176
447    3.14159   1.32    -0.514781     -0.139854     0.276241
448    3.14159   1.33    -0.511098     -0.139078     0.280317
449    3.14159   1.34    -0.507405     -0.1383     0.284403
450    3.14159   1.35    -0.503704     -0.137521     0.288498
451    3.14159   1.36    -0.499994     -0.136739     0.292603
452    3.14159   1.37    -0.496276     -0.135956     0.296716
453    3.14159   1.38    -0.49255     -0.135171     0.300837
454    3.14159   1.39    -0.488817     -0.134385     0.304966
455    3.14159   1.4    -0.485077     -0.133597     0.309103
456    3.14159   1.41    -0.48133     -0.132808     0.313247
457    3.14159   1.42    -0.477578     -0.132018     0.317397
458    3.14159   1.43    -0.473819     -0.131227     0.321554
459    3.14159   1.44    -0.470055     -0.130434     0.325716
460    3.14159   1.45    -0.466286     -0.12964     0.329884
461    3.14159   1.46    -0.462513     -0.128846     0.334057
462    3.14159   1.47    -0.458735     -0.12805     0.338234
463    3.14159   1.48    -0.454953     -0.127254     0.342416
464    3.14159   1.49    -0.451168     -0.126457     0.346601
465    3.14159   1.5    -0.447379     -0.125659     0.350789
466    3.14159   1.51    -0.443588     -0.124861     0.354981
467    3.14159   1.52    -0.439794     -0.124062     0.359174
468    3.14159   1.53    -0.435998     -0.123263     0.36337
469    3.14159   1.54    -0.432201     -0.122463     0.367568
470    3.14159   1.55    -0.428402     -0.121664     0.371766
471    3.14159   1.56    -0.424602     -0.120864     0.375966
472    3.14159   1.57    -0.420802     -0.120064     0.380165
473    3.14159   1.58    -0.417002     -0.119264     0.384365
474    3.14159   1.59    -0.413202     -0.118464     0.388564
475    3.14159   1.6    -0.409403     -0.117664     0.392762
476    3.14159   1.61    -0.405604     -0.116865     0.396959
477    3.14159   1.62    -0.401807     -0.116065     0.401154
478    3.14159   1.63    -0.398012     -0.115266     0.405347
479    3.14159   1.64    -0.394219     -0.114468     0.409538
480    3.14159   1.65    -0.390429     -0.11367     0.413725
481    3.14159   1.66    -0.386641     -0.112873     0.417909
482    3.14159   1.67    -0.382857     -0.112077     0.42209
483    3.14159   1.68    -0.379076     -0.111281     0.426266
484    3.14159   1.69    -0.3753     -0.110486     0.430437
485    3.14159   1.7    -0.371527     -0.109692     0.434603
486    3.14159   1.71    -0.36776     -0.1089     0.438764
487    3.14159   1.72    -0.363998     -0.108108     0.442918
488    3.14159   1.73    -0.360241     -0.107317     0.447067
489    3.14159   1.74    -0.35649     -0.106528     0.451208
490    3.14159   1.75    -0.352746     -0.10574     0.455343
491    3.14159   1.76    -0.349008     -0.104954     0.45947
492    3.14159   1.77    -0.345278     -0.104169     0.463589
493    3.14159   1.78    -0.341554     -0.103386     0.467699
494    3.14159   1.79    -0.337839     -0.102604     0.471801
495    3.14159   1.8    -0.334132     -0.101824     0.475893
496    3.14159   1.81    -0.330433     -0.101046     0.479976
497    3.14159   1.82    -0.326743     -0.100269     0.484049
498    3.14159   1.83    -0.323063     -0.0994951     0.488112
499    3.14159   1.84    -0.319392     -0.0987229     0.492163
500    3.14159   1.85    -0.315731     -0.0979528     0.496203
501    3.14159   1.86    -0.312081     -0.0971849     0.500232
502    3.14159   1.87    -0.308441     -0.0964193     0.504249
503    3.14159   1.88    -0.304813     -0.095656     0.508253
504    3.14159   1.89    -0.301196     -0.0948952     0.512244
505    3.14159   1.9    -0.29759     -0.0941368     0.516222
506    3.14159   1.91    -0.293997     -0.0933811     0.520186
507    3.14159   1.92    -0.290417     -0.092628     0.524137
508    3.14159   1.93    -0.286849     -0.0918777     0.528073
509    3.14159   1.94    -0.283295     -0.0911302     0.531994
510    3.14159   1.95    -0.279755     -0.0903855     0.535899
511    3.14159   1.96    -0.276228     -0.0896439     0.53979
512    3.14159   1.97    -0.272716     -0.0889052     0.543664
513    3.14159   1.98    -0.269218     -0.0881697     0.547522
514    3.14159   1.99    -0.265736     -0.0874373     0.551363
515    3.14159   2    -0.262269     -0.0867083     0.555186
516    3.14159   2.01    -0.258818     -0.0859825     0.558993
517    3.14159   2.02    -0.255383     -0.0852601     0.562781
518    3.14159   2.03    -0.251964     -0.0845412     0.566551
519    3.14159   2.04    -0.248562     -0.0838259     0.570303
520    3.14159   2.05    -0.245177     -0.0831142     0.574035
521    3.14159   2.06    -0.24181     -0.0824062     0.577748
522    3.14159   2.07    -0.23846     -0.0817019     0.581441
523    3.14159   2.08    -0.235129     -0.0810014     0.585114
524    3.14159   2.09    -0.231816     -0.0803049     0.588767
525    3.14159   2.1    -0.228522     -0.0796123     0.592399
526    3.14159   2.11    -0.225247     -0.0789238     0.596009
527    3.14159   2.12    -0.221991     -0.0782393     0.599598
528    3.14159   2.13    -0.218756     -0.0775591     0.603165
529    3.14159   2.14    -0.21554     -0.0768831     0.606709
530    3.14159   2.15    -0.212345     -0.0762114     0.610231
531    3.14159   2.16    -0.20917     -0.0755441     0.61373
532    3.14159   2.17    -0.206017     -0.0748812     0.617205
533    3.14159   2.18    -0.202885     -0.0742228     0.620657
534    3.14159   2.19    -0.199775     -0.0735691     0.624085
535    3.14159   2.2    -0.196687     -0.0729199     0.627488
536    3.14159   2.21    -0.193621     -0.0722755     0.630866
537    3.14159   2.22    -0.190578     -0.0716358     0.63422
538    3.14159   2.23    -0.187558     -0.071001     0.637548
539    3.14159   2.24    -0.184561     -0.0703711     0.64085
540    3.14159   2.25    -0.181587     -0.0697461     0.644126
541    3.14159   2.26    -0.178638     -0.0691262     0.647376
542    3.14159   2.27    -0.175712     -0.0685113     0.650599
543    3.14159   2.28    -0.172812     -0.0679016     0.653795
544    3.14159   2.29    -0.169935     -0.0672971     0.656964
545    3.14159   2.3    -0.167084     -0.0666979     0.660105
546    3.14159   2.31    -0.164258     -0.066104     0.663218
547    3.14159   2.32    -0.161458     -0.0655155     0.666303
548    3.14159   2.33    -0.158684     -0.0649325     0.669359
549    3.14159   2.34    -0.155935     -0.0643549     0.672386
550    3.14159   2.35    -0.153213     -0.063783     0.675384
551    3.14159   2.36    -0.150518     -0.0632166     0.678352
552    3.14159   2.37    -0.14785     -0.0626559     0.681291
553    3.14159   2.38    -0.145209     -0.062101     0.6842
554    3.14159   2.39    -0.142596     -0.0615518     0.687078
555    3.14159   2.4    -0.14001     -0.0610085     0.689925
556    3.14159   2.41    -0.137453     -0.0604711     0.692742
557    3.14159   2.42    -0.134923     -0.0599396     0.695527
558    3.14159   2.43    -0.132423     -0.0594142     0.698281
559    3.14159   2.44    -0.129951     -0.0588948     0.701003
560    3.14159   2.45    -0.127508     -0.0583815     0.703693
561    3.14159   2.46    -0.125094     -0.0578744     0.706351
562    3.14159   2.47    -0.12271     -0.0573735     0.708976
563    3.14159   2.48    -0.120356     -0.0568788     0.711568
564    3.14159   2.49    -0.118032     -0.0563905     0.714127
565    3.14159   2.5    -0.115738     -0.0559085     0.716652
566    3.14159   2.51    -0.113474     -0.0554329     0.719145
567    3.14159   2.52    -0.111241     -0.0549638     0.721603
568    3.14159   2.53    -0.109039     -0.0545012     0.724027
569    3.14159   2.54    -0.106868     -0.0540452     0.726417
570    3.14159   2.55    -0.104729     -0.0535957     0.728772
571    3.14159   2.56    -0.102621     -0.0531529     0.731092
572    3.14159   2.57    -0.100545     -0.0527168     0.733377
573    3.14159   2.58    -0.098501     -0.0522874     0.735627
574    3.14159   2.59    -0.0964891     -0.0518647     0.737842
575    3.14159   2.6    -0.0945097     -0.0514489     0.740021
576    3.14159   2.61    -0.0925628     -0.0510399     0.742164
577    3.14159   2.62    -0.0906488     -0.0506379     0.74427
578    3.14159   2.63    -0.0887678     -0.0502427     0.74634
579    3.14159   2.64    -0.0869199     -0.0498546     0.748374
580    3.14159   2.65    -0.0851055     -0.0494734     0.750371
581    3.14159   2.66    -0.0833245     -0.0490993     0.752331
582    3.14159   2.67    -0.0815774     -0.0487323     0.754254
583    3.14159   2.68    -0.0798641     -0.0483725     0.75614
584    3.14159   2.69    -0.0781849     -0.0480197     0.757987
585    3.14159   2.7    -0.07654     -0.0476742     0.759798
586    3.14159   2.71    -0.0749294     -0.0473359     0.76157
587    3.14159   2.72    -0.0733535     -0.0470049     0.763304
588    3.14159   2.73    -0.0718123     -0.0466812     0.765
589    3.14159   2.74    -0.070306     -0.0463648     0.766658
590    3.14159   2.75    -0.0688347     -0.0460558     0.768277
591    3.14159   2.76    -0.0673986     -0.0457542     0.769857
592    3.14159   2.77    -0.0659979     -0.04546     0.771398
593    3.14159   2.78    -0.0646326     -0.0451732     0.7729
594    3.14159   2.79    -0.063303     -0.044894     0.774363
595    3.14159   2.8    -0.0620091     -0.0446222     0.775787
596    3.14159   2.81    -0.0607511     -0.044358     0.777171
597    3.14159   2.82    -0.0595291     -0.0441013     0.778516
598    3.14159   2.83    -0.0583432     -0.0438523     0.77982
599    3.14159   2.84    -0.0571936     -0.0436108     0.781085
600    3.14159   2.85    -0.0560803     -0.043377     0.78231
601    3.14159   2.86    -0.0550035     -0.0431509     0.783495
602    3.14159   2.87    -0.0539633     -0.0429324     0.784639
603    3.14159   2.88    -0.0529598     -0.0427217     0.785743
604    3.14159   2.89    -0.051993     -0.0425186     0.786807
605    3.14159   2.9    -0.0510632     -0.0423233     0.78783
606    3.14159   2.91    -0.0501703     -0.0421358     0.788812
607    3.14159   2.92    -0.0493145     -0.0419561     0.789753
608    3.14159   2.93    -0.0484959     -0.0417842     0.790654
609    3.14159   2.94    -0.0477145     -0.0416201     0.791514
610    3.14159   2.95    -0.0469704     -0.0414638     0.792332
611    3.14159   2.96    -0.0462638     -0.0413154     0.79311
612    3.14159   2.97    -0.0455945     -0.0411749     0.793846
613    3.14159   2.98    -0.0449629     -0.0410422     0.794541
614    3.14159   2.99    -0.0443688     -0.0409175     0.795194
615    3.14159   3    -0.0438123     -0.0408006     0.795806
616    3.14159   3.01    -0.0432936     -0.0406917     0.796377
617    3.14159   3.02    -0.0428127     -0.0405907     0.796906
618    3.14159   3.03    -0.0423695     -0.0404976     0.797394
619    3.14159   3.04    -0.0419642     -0.0404125     0.797839
620    3.14159   3.05    -0.0415968     -0.0403353     0.798243
621    3.14159   3.06    -0.0412674     -0.0402661     0.798606
622    3.14159   3.07    -0.0409759     -0.0402049     0.798927
623    3.14159   3.08    -0.0407224     -0.0401517     0.799205
624    3.14159   3.09    -0.0405069     -0.0401064     0.799442
625    3.14159   3.1    -0.0403295     -0.0400692     0.799638
626    3.14159   3.11    -0.0401901     -0.0400399     0.799791
627    3.14159   3.12    -0.0400888     -0.0400186     0.799902
628    3.14159   3.13    -0.0400256     -0.0400054     0.799972
629    3.14159   3.14    -0.0400005     -0.0400001     0.799999
630    3.14159   3.14159    -0.04     -0.04     0.8
631    3.13159   3.13159    -0.0401221     -0.039924     0.799958
632    3.12159   3.12159    -0.0404883     -0.039696     0.799832
633    3.11159   3.11159    -0.0410984     -0.0393162     0.799623
634    3.10159   3.10159    -0.0419519     -0.0387846     0.79933
635    3.09159   3.09159    -0.0430485     -0.0381015     0.798953
636    3.08159   3.08159    -0.0443874     -0.037267     0.798492
637    3.07159   3.07159    -0.0459679     -0.0362816     0.797948
638    3.06159   3.06159    -0.0477889     -0.0351455     0.79732
639    3.05159   3.05159    -0.0498493     -0.0338593     0.796609
640    3.04159   3.04159    -0.0521481     -0.0324233     0.795815
641    3.03159   3.03159    -0.0546836     -0.0308381     0.794937
642    3.02159   3.02159    -0.0574546     -0.0291043     0.793977
643    3.01159   3.01159    -0.0604592     -0.0272225     0.792933
644    3.00159   3.00159    -0.0636957     -0.0251934     0.791807
645    2.99159   2.99159    -0.0671623     -0.0230178     0.790599
646    2.98159   2.98159    -0.0708568     -0.0206964     0.789308
647    2.97159   2.97159    -0.0747772     -0.0182301     0.787936
648    2.96159   2.96159    -0.0789211     -0.0156199     0.786482
649    2.95159   2.95159    -0.0832861     -0.0128667     0.784947
650    2.94159   2.94159    -0.0878697     -0.00997139     0.78333
651    2.93159   2.93159    -0.0926694     -0.00693519     0.781634
652    2.92159   2.92159    -0.0976823     -0.00375916     0.779857
653    2.91159   2.91159    -0.102906     -0.000444472     0.778001
654    2.90159   2.90159    -0.108336     0.00300765     0.776066
655    2.89159   2.89159    -0.113971     0.00659594     0.774053
656    2.88159   2.88159    -0.119808     0.0103191     0.771962
657    2.87159   2.87159    -0.125842     0.0141757     0.769794
658    2.86159   2.86159    -0.132072     0.0181644     0.767549
659    2.85159   2.85159    -0.138492     0.0222837     0.765228
660    2.84159   2.84159    -0.1451     0.0265321     0.762833
661    2.83159   2.83159    -0.151893     0.030908     0.760364
662    2.82159   2.82159    -0.158866     0.0354098     0.757822
663    2.81159   2.81159    -0.166016     0.0400359     0.755207
664    2.80159   2.80159    -0.173339     0.0447845     0.752522
665    2.79159   2.79159    -0.180832     0.049654     0.749767
666    2.78159   2.78159    -0.188489     0.0546426     0.746942
667    2.77159   2.77159    -0.196308     0.0597483     0.744051
668    2.76159   2.76159    -0.204284     0.0649694     0.741092
669    2.75159   2.75159    -0.212414     0.0703039     0.738069
670    2.74159   2.74159    -0.220692     0.07575     0.734982
671    2.73159   2.73159    -0.229115     0.0813055     0.731833
672    2.72159   2.72159    -0.237679     0.0869684     0.728624
673    2.71159   2.71159    -0.246378     0.0927367     0.725355
674    2.70159   2.70159    -0.25521     0.0986083     0.722029
675    2.69159   2.69159    -0.264169     0.104581     0.718647
676    2.68159   2.68159    -0.273251     0.110653     0.71521
677    2.67159   2.67159    -0.282452     0.116821     0.711722
678    2.66159   2.66159    -0.291767     0.123084     0.708183
679    2.65159   2.65159    -0.301192     0.129439     0.704596
680    2.64159   2.64159    -0.310721     0.135884     0.700963
681    2.63159   2.63159    -0.320351     0.142416     0.697285
682    2.62159   2.62159    -0.330077     0.149034     0.693564
683    2.61159   2.61159    -0.339894     0.155734     0.689804
684    2.60159   2.60159    -0.349798     0.162515     0.686006
685    2.59159   2.59159    -0.359783     0.169373     0.682172
686    2.58159   2.58159    -0.369846     0.176307     0.678304
687    2.57159   2.57159    -0.379981     0.183314     0.674406
688    2.56159   2.56159    -0.390184     0.190391     0.670479
689    2.55159   2.55159    -0.400449     0.197535     0.666527
690    2.54159   2.54159    -0.410773     0.204745     0.66255
691    2.53159   2.53159    -0.421151     0.212017     0.658553
692    2.52159   2.52159    -0.431577     0.219349     0.654538
693    2.51159   2.51159    -0.442047     0.226738     0.650507
694    2.50159   2.50159    -0.452556     0.234182     0.646463
695    2.49159   2.49159    -0.4631     0.241677     0.642408
696    2.48159   2.48159    -0.473673     0.249222     0.638347
697    2.47159   2.47159    -0.484271     0.256813     0.634281
698    2.46159   2.46159    -0.49489     0.264447     0.630213
699    2.45159   2.45159    -0.505523     0.272123     0.626146
700    2.44159   2.44159    -0.516167     0.279836     0.622084
701    2.43159   2.43159    -0.526817     0.287585     0.618029
702    2.42159   2.42159    -0.537468     0.295367     0.613983
703    2.41159   2.41159    -0.548115     0.303178     0.609951
704    2.40159   2.40159    -0.558753     0.311017     0.605936
705    2.39159   2.39159    -0.569379     0.318879     0.601939
706    2.38159   2.38159    -0.579987     0.326763     0.597965
707    2.37159   2.37159    -0.590572     0.334665     0.594016
708    2.36159   2.36159    -0.60113     0.342583     0.590097
709    2.35159   2.35159    -0.611656     0.350514     0.586209
710    2.34159   2.34159    -0.622146     0.358455     0.582356
711    2.33159   2.33159    -0.632594     0.366403     0.578541
712    2.32159   2.32159    -0.642997     0.374355     0.574767
713    2.31159   2.31159    -0.65335     0.382309     0.571039
714    2.30159   2.30159    -0.663648     0.390261     0.567358
715    2.29159   2.29159    -0.673887     0.39821     0.563728
716    2.28159   2.28159    -0.684062     0.406151     0.560153
717    2.27159   2.27159    -0.69417     0.414083     0.556635
718    2.26159   2.26159    -0.704204     0.422002     0.553178
719    2.25159   2.25159    -0.714162     0.429906     0.549785
720    2.24159   2.24159    -0.724039     0.437791     0.546459
721    2.23159   2.23159    -0.733831     0.445656     0.543205
722    2.22159   2.22159    -0.743532     0.453496     0.540023
723    2.21159   2.21159    -0.75314     0.461311     0.536919
724    2.20159   2.20159    -0.76265     0.469096     0.533895
725    2.19159   2.19159    -0.772058     0.476849     0.530955
726    2.18159   2.18159    -0.781359     0.484568     0.528101
727    2.17159   2.17159    -0.79055     0.492249     0.525337
728    2.16159   2.16159    -0.799627     0.49989     0.522667
729    2.15159   2.15159    -0.808586     0.507488     0.520092
730    2.14159   2.14159    -0.817422     0.515042     0.517617
731    2.13159   2.13159    -0.826133     0.515244     0.522547
732    2.12159   2.12159    -0.834714     0.512976     0.530001
733    2.11159   2.11159    -0.843162     0.510817     0.537403
734    2.10159   2.10159    -0.851472     0.50877     0.544749
735    2.09159   2.09159    -0.859642     0.506837     0.552036
736    2.08159   2.08159    -0.867668     0.505022     0.559263
737    2.07159   2.07159    -0.875546     0.503328     0.566427
738    2.06159   2.06159    -0.883273     0.501757     0.573525
739    2.05159   2.05159    -0.890845     0.500312     0.580555
740    2.04159   2.04159    -0.89826     0.498997     0.587515
741    2.03159   2.03159    -0.905514     0.497813     0.594402
742    2.02159   2.02159    -0.912603     0.496764     0.601214
743    2.01159   2.01159    -0.919525     0.495853     0.607948
744    2.00159   2.00159    -0.926277     0.495082     0.614603
745    1.99159   1.99159    -0.932855     0.494454     0.621176
746    1.98159   1.98159    -0.939257     0.493972     0.627665
747    1.97159   1.97159    -0.94548     0.493637     0.634067
748    1.96159   1.96159    -0.951521     0.493453     0.640381
749    1.95159   1.95159    -0.957378     0.493422     0.646605
750    1.94159   1.94159    -0.963048     0.493547     0.652737
751    1.93159   1.93159    -0.968528     0.493829     0.658773
752    1.92159   1.92159    -0.973816     0.494271     0.664714
753    1.91159   1.91159    -0.978909     0.494876     0.670556
754    1.90159   1.90159    -0.983806     0.495646     0.676298
755    1.89159   1.89159    -0.988503     0.496582     0.681937
756    1.88159   1.88159    -0.993     0.497686     0.687473
757    1.87159   1.87159    -0.997293     0.498962     0.692903
758    1.86159   1.86159    -1.00138     0.50041     0.698226
759    1.85159   1.85159    -1.00526     0.502034     0.703439
760    1.84159   1.84159    -1.00893     0.503833     0.708542
761    1.83159   1.83159    -1.0124     0.505812     0.713533
762    1.82159   1.82159    -1.01565     0.50797     0.71841
763    1.81159   1.81159    -1.01868     0.51031     0.723172
764    1.80159   1.80159    -1.0215     0.512833     0.727817
765    1.79159   1.79159    -1.0241     0.515541     0.732343
766    1.78159   1.78159    -1.02649     0.518435     0.736751
767    1.77159   1.77159    -1.02865     0.521517     0.741038
768    1.76159   1.76159    -1.0306     0.524788     0.745202
769    1.75159   1.75159    -1.03232     0.528249     0.749244
770    1.74159   1.74159    -1.03383     0.531902     0.753161
771    1.73159   1.73159    -1.0351     0.535747     0.756953
772    1.72159   1.72159    -1.03616     0.539786     0.760618
773    1.71159   1.71159    -1.03699     0.544019     0.764156
774    1.70159   1.70159    -1.03759     0.548447     0.767565
775    1.69159   1.69159    -1.03797     0.553072     0.770845
776    1.68159   1.68159    -1.03812     0.557894     0.773995
777    1.67159   1.67159    -1.03805     0.562913     0.777015
778    1.66159   1.66159    -1.03775     0.56813     0.779902
779    1.65159   1.65159    -1.03722     0.573546     0.782657
780    1.64159   1.64159    -1.03646     0.57916     0.785279
781    1.63159   1.63159    -1.03548     0.584975     0.787768
782    1.62159   1.62159    -1.03427     0.590988     0.790123
783    1.61159   1.61159    -1.03283     0.597202     0.792343
784    1.60159   1.60159    -1.03116     0.603615     0.794429
785    1.59159   1.59159    -1.02927     0.610228     0.796379
786    1.58159   1.58159    -1.02716     0.617041     0.798193
787    1.57159   1.57159    -1.02482     0.624054     0.799872
788    1.56159   1.56159    -1.02225     0.631266     0.801415
789    1.55159   1.55159    -1.01946     0.638677     0.802822
790    1.54159   1.54159    -1.01645     0.646287     0.804092
791    1.53159   1.53159    -1.01321     0.654096     0.805226
792    1.52159   1.52159    -1.00976     0.662101     0.806224
793    1.51159   1.51159    -1.00608     0.670304     0.807086
794    1.50159   1.50159    -1.00218     0.678704     0.807812
795    1.49159   1.49159    -0.998071     0.687298     0.808402
796    1.48159   1.48159    -0.993741     0.696087     0.808857
797    1.47159   1.47159    -0.989196     0.70507     0.809176
798    1.46159   1.46159    -0.984437     0.714246     0.809361
799    1.45159   1.45159    -0.979466     0.723612     0.809411
800    1.44159   1.44159    -0.974285     0.733169     0.809327
801    1.43159   1.43159    -0.968895     0.742915     0.809109
802    1.42159   1.42159    -0.963298     0.752848     0.808758
803    1.41159   1.41159    -0.957496     0.762968     0.808275
804    1.40159   1.40159    -0.951491     0.773271     0.80766
805    1.39159   1.39159    -0.945286     0.783758     0.806915
806    1.38159   1.38159    -0.938881     0.794425     0.806039
807    1.37159   1.37159    -0.93228     0.805033     0.805272
808    1.36159   1.36159    -0.925484     0.8039     0.816296
809    1.35159   1.35159    -0.918496     0.802638     0.827496
810    1.34159   1.34159    -0.911318     0.80125     0.838868
811    1.33159   1.33159    -0.903953     0.799737     0.850412
812    1.32159   1.32159    -0.896404     0.798098     0.862125
813    1.31159   1.31159    -0.888673     0.796337     0.874005
814    1.30159   1.30159    -0.880762     0.794453     0.886049
815    1.29159   1.29159    -0.872675     0.792448     0.898255
816    1.28159   1.28159    -0.864413     0.790324     0.910621
817    1.27159   1.27159    -0.855982     0.788081     0.923143
818    1.26159   1.26159    -0.847382     0.785721     0.935819
819    1.25159   1.25159    -0.838617     0.783245     0.948647
820    1.24159   1.24159    -0.829691     0.780655     0.961623
821    1.23159   1.23159    -0.820605     0.777953     0.974745
822    1.22159   1.22159    -0.811365     0.775139     0.988009
823    1.21159   1.21159    -0.801972     0.772215     1.00141
824    1.20159   1.20159    -0.79243     0.769184     1.01495
825    1.19159   1.19159    -0.782743     0.766046     1.02863
826    1.18159   1.18159    -0.772913     0.762803     1.04243
827    1.17159   1.17159    -0.762945     0.759458     1.05636
828    1.16159   1.16159    -0.752842     0.756011     1.07042
829    1.15159   1.15159    -0.742607     0.752466     1.08459
830    1.14159   1.14159    -0.732244     0.748822     1.09888
831    1.13159   1.13159    -0.721757     0.745083     1.11329
832    1.12159   1.12159    -0.711149     0.741251     1.1278
833    1.11159   1.11159    -0.700424     0.737327     1.14242
834    1.10159   1.10159    -0.689586     0.733313     1.15714
835    1.09159   1.09159    -0.678639     0.729212     1.17196
836    1.08159   1.08159    -0.667587     0.725025     1.18687
837    1.07159   1.07159    -0.656433     0.720754     1.20187
838    1.06159   1.06159    -0.645182     0.716403     1.21696
839    1.05159   1.05159    -0.633837     0.711972     1.23213
840    1.04159   1.04159    -0.622403     0.707464     1.24738
841    1.03159   1.03159    -0.610883     0.702881     1.2627
842    1.02159   1.02159    -0.599282     0.698226     1.27809
843    1.01159   1.01159    -0.587604     0.693501     1.29355
844    1.00159   1.00159    -0.575852     0.688708     1.30907
845    0.991593   0.991593    -0.564032     0.683849     1.32465
846    0.981593   0.981593    -0.552146     0.678927     1.34028
847    0.971593   0.971593    -0.5402     0.673944     1.35595
848    0.961593   0.961593    -0.528198     0.668902     1.37167
849    0.951593   0.951593    -0.516143     0.663805     1.38743
850    0.941593   0.941593    -0.504041     0.658653     1.40323
851    0.931593   0.931593    -0.491894     0.653451     1.41905
852    0.921593   0.921593    -0.479709     0.6482     1.4349
853    0.911593   0.911593    -0.467488     0.642902     1.45078
854    0.901593   0.901593    -0.455237     0.637561     1.46666
855    0.891593   0.891593    -0.442959     0.632178     1.48256
856    0.881593   0.881593    -0.430659     0.626757     1.49847
857    0.871593   0.871593    -0.418342     0.6213     1.51438
858    0.861593   0.861593    -0.406011     0.615809     1.53028
859    0.851593   0.851593    -0.39367     0.610287     1.54618
860    0.841593   0.841593    -0.381326     0.604736     1.56207
861    0.831593   0.831593    -0.36898     0.59916     1.57794
862    0.821593   0.821593    -0.356639     0.59356     1.59379
863    0.811593   0.811593    -0.344306     0.587939     1.60961
864    0.801593   0.801593    -0.331985     0.5823     1.6254
865    0.791593   0.791593    -0.319682     0.576646     1.64115
866    0.781593   0.781593    -0.3074     0.570979     1.65687
867    0.771593   0.771593    -0.295143     0.565302     1.67254
868    0.761593   0.761593    -0.282916     0.559616     1.68815
869    0.751593   0.751593    -0.270724     0.553926     1.70372
870    0.741593   0.741593    -0.25857     0.548233     1.71922
871    0.731593   0.731593    -0.246459     0.542541     1.73465
872    0.721593   0.721593    -0.234394     0.536851     1.75002
873    0.711593   0.711593    -0.222381     0.531166     1.76531
874    0.701593   0.701593    -0.210423     0.525489     1.78052
875    0.691593   0.691593    -0.198525     0.519823     1.79565
876    0.681593   0.681593    -0.186691     0.514169     1.81069
877    0.671593   0.671593    -0.174924     0.508532     1.82563
878    0.661593   0.661593    -0.16323     0.502912     1.84048
879    0.651593   0.651593    -0.151611     0.497313     1.85522
880    0.641593   0.641593    -0.140073     0.491738     1.86985
881    0.631593   0.631593    -0.128619     0.486188     1.88437
882    0.621593   0.621593    -0.117253     0.480666     1.89878
883    0.611593   0.611593    -0.10598     0.475176     1.91306
884    0.601593   0.601593    -0.0948022     0.469718     1.92721
885    0.591593   0.591593    -0.0837247     0.464296     1.94123
886    0.581593   0.581593    -0.0727511     0.458912     1.95512
887    0.571593   0.571593    -0.0618852     0.453569     1.96886
888    0.561593   0.561593    -0.0511308     0.448269     1.98246
889    0.551593   0.551593    -0.0404916     0.443014     1.99592
890    0.541593   0.541593    -0.0299714     0.437807     2.00921
891    0.531593   0.531593    -0.0195738     0.432649     2.02235
892    0.521593   0.521593    -0.00930238     0.427544     2.03533
893    0.511593   0.511593    0.000839175     0.422494     2.04814
894    0.501593   0.501593    0.0108474     0.4175     2.06077
895    0.491593   0.491593    0.0207188     0.412566     2.07324
896    0.481593   0.481593    0.0304499     0.407693     2.08552
897    0.471593   0.471593    0.0400374     0.402883     2.09762
898    0.461593   0.461593    0.0494779     0.398139     2.10953
899    0.451593   0.451593    0.0587681     0.393463     2.12125
900    0.441593   0.441593    0.0679048     0.388856     2.13278
901    0.431593   0.431593    0.0768849     0.384321     2.14411
902    0.421593   0.421593    0.0857052     0.37986     2.15523
903    0.411593   0.411593    0.0943626     0.375475     2.16615
904    0.401593   0.401593    0.102854     0.371168     2.17685
905    0.391593   0.391593    0.111177     0.366941     2.18734
906    0.381593   0.381593    0.119328     0.362795     2.19762
907    0.371593   0.371593    0.127304     0.358732     2.20767
908    0.361593   0.361593    0.135104     0.354755     2.2175
909    0.351593   0.351593    0.142723     0.350865     2.2271
910    0.341593   0.341593    0.15016     0.347063     2.23647
911    0.331593   0.331593    0.157411     0.343352     2.24561
912    0.321593   0.321593    0.164475     0.339733     2.25451
913    0.311593   0.311593    0.171348     0.336207     2.26317
914    0.301593   0.301593    0.178029     0.332777     2.27159
915    0.291593   0.291593    0.184515     0.329444     2.27976
916    0.281593   0.281593    0.190804     0.326208     2.28768
917    0.271593   0.271593    0.196893     0.323073     2.29535
918    0.261593   0.261593    0.202782     0.320038     2.30276
919    0.251593   0.251593    0.208466     0.317105     2.30992
920    0.241593   0.241593    0.213946     0.314277     2.31683
921    0.231593   0.231593    0.219217     0.311553     2.32346
922    0.221593   0.221593    0.22428     0.308935     2.32984
923    0.211593   0.211593    0.229132     0.306425     2.33595
924    0.201593   0.201593    0.233771     0.304022     2.34179
925    0.191593   0.191593    0.238197     0.30173     2.34736
926    0.181593   0.181593    0.242406     0.299547     2.35267
927    0.171593   0.171593    0.246398     0.297476     2.35769
928    0.161593   0.161593    0.250172     0.295518     2.36244
929    0.151593   0.151593    0.253726     0.293672     2.36692
930    0.141593   0.141593    0.257058     0.291941     2.37111
931    0.131593   0.131593    0.260169     0.290324     2.37503
932    0.121593   0.121593    0.263056     0.288823     2.37867
933    0.111593   0.111593    0.265719     0.287438     2.38202
934    0.101593   0.101593    0.268156     0.286169     2.38509
935    0.0915927   0.0915927    0.270368     0.285018     2.38787
936    0.0815927   0.0815927    0.272352     0.283985     2.39037
937    0.0715927   0.0715927    0.27411     0.28307     2.39258
938    0.0615927   0.0615927    0.275638     0.282273     2.39451
939    0.0515927   0.0515927    0.276939     0.281596     2.39615
940    0.0415927   0.0415927    0.27801     0.281037     2.39749
941    0.0315927   0.0315927    0.278852     0.280599     2.39855
942    0.0215927   0.0215927    0.279463     0.28028     2.39932
943    0.0115927   0.0115927    0.279845     0.280081     2.39981
944    0.00159265   0.00159265    0.279997     0.280002     2.4
