0    0   0    0.28     0.28     2.4
1    0.01   0    0.279988     0.279992     2.39992
2    0.02   0    0.279952     0.279968     2.39968
3    0.03   0    0.279892     0.279928     2.39928
4    0.04   0    0.279808     0.279872     2.39872
5    0.05   0    0.2797     0.2798     2.398
6    0.06   0    0.279568     0.279712     2.39712
7    0.07   0    0.279412     0.279608     2.39608
8    0.08   0    0.279232     0.279488     2.39488
9    0.09   0    0.279029     0.279352     2.39352
10    0.1   0    0.278801     0.279201     2.39201
11    0.11   0    0.278549     0.279033     2.39033
12    0.12   0    0.278274     0.278849     2.38849
13    0.13   0    0.277975     0.27865     2.3865
14    0.14   0    0.277652     0.278435     2.38435
15    0.15   0    0.277305     0.278203     2.38203
16    0.16   0    0.276935     0.277956     2.37956
17    0.17   0    0.27654     0.277694     2.37694
18    0.18   0    0.276122     0.277415     2.37415
19    0.19   0    0.275681     0.277121     2.37121
20    0.2   0    0.275216     0.276811     2.36811
21    0.21   0    0.274727     0.276485     2.36485
22    0.22   0    0.274215     0.276144     2.36144
23    0.23   0    0.27368     0.275787     2.35787
24    0.24   0    0.273121     0.275414     2.35414
25    0.25   0    0.272539     0.275026     2.35026
26    0.26   0    0.271934     0.274622     2.34622
27    0.27   0    0.271305     0.274203     2.34203
28    0.28   0    0.270653     0.273769     2.33769
29    0.29   0    0.269979     0.273319     2.33319
30    0.3   0    0.269281     0.272854     2.32854
31    0.31   0    0.26856     0.272373     2.32373
32    0.32   0    0.267817     0.271878     2.31878
33    0.33   0    0.26705     0.271367     2.31367
34    0.34   0    0.266261     0.270841     2.30841
35    0.35   0    0.265449     0.2703     2.303
36    0.36   0    0.264615     0.269743     2.29743
37    0.37   0    0.263759     0.269172     2.29172
38    0.38   0    0.26288     0.268586     2.28586
39    0.39   0    0.261978     0.267985     2.27985
40    0.4   0    0.261055     0.26737     2.2737
41    0.41   0    0.260109     0.266739     2.26739
42    0.42   0    0.259141     0.266094     2.26094
43    0.43   0    0.258152     0.265435     2.25435
44    0.44   0    0.25714     0.26476     2.2476
45    0.45   0    0.256107     0.264072     2.24072
46    0.46   0    0.255053     0.263368     2.23368
47    0.47   0    0.253976     0.262651     2.22651
48    0.48   0    0.252879     0.261919     2.21919
49    0.49   0    0.25176     0.261173     2.21173
50    0.5   0    0.25062     0.260413     2.20413
51    0.51   0    0.249459     0.259639     2.19639
52    0.52   0    0.248277     0.258851     2.18851
53    0.53   0    0.247074     0.258049     2.18049
54    0.54   0    0.24585     0.257233     2.17233
55    0.55   0    0.244606     0.256404     2.16404
56    0.56   0    0.243341     0.255561     2.15561
57    0.57   0    0.242056     0.254704     2.14704
58    0.58   0    0.240751     0.253834     2.13834
59    0.59   0    0.239426     0.252951     2.12951
60    0.6   0    0.238081     0.252054     2.12054
61    0.61   0    0.236716     0.251144     2.11144
62    0.62   0    0.235331     0.250221     2.10221
63    0.63   0    0.233927     0.249284     2.09284
64    0.64   0    0.232503     0.248335     2.08335
65    0.65   0    0.23106     0.247373     2.07373
66    0.66   0    0.229598     0.246399     2.06399
67    0.67   0    0.228117     0.245411     2.05411
68    0.68   0    0.226617     0.244412     2.04412
69    0.69   0    0.225099     0.243399     2.03399
70    0.7   0    0.223562     0.242375     2.02375
71    0.71   0    0.222007     0.241338     2.01338
72    0.72   0    0.220433     0.240289     2.00289
73    0.73   0    0.218842     0.239228     1.99228
74    0.74   0    0.217232     0.238155     1.98155
75    0.75   0    0.215605     0.23707     1.9707
76    0.76   0    0.213961     0.235974     1.95974
77    0.77   0    0.212299     0.234866     1.94866
78    0.78   0    0.210619     0.233746     1.93746
79    0.79   0    0.208923     0.232615     1.92615
80    0.8   0    0.20721     0.231473     1.91473
81    0.81   0    0.20548     0.23032     1.9032
82    0.82   0    0.203733     0.229155     1.89155
83    0.83   0    0.20197     0.22798     1.8798
84    0.84   0    0.200191     0.226794     1.86794
85    0.85   0    0.198396     0.225597     1.85597
86    0.86   0    0.196585     0.22439     1.8439
87    0.87   0    0.194758     0.223172     1.83172
88    0.88   0    0.192916     0.221944     1.81944
89    0.89   0    0.191059     0.220706     1.80706
90    0.9   0    0.189186     0.219458     1.79458
91    0.91   0    0.187299     0.218199     1.78199
92    0.92   0    0.185397     0.216931     1.76931
93    0.93   0    0.18348     0.215653     1.75653
94    0.94   0    0.181549     0.214366     1.74366
95    0.95   0    0.179604     0.213069     1.73069
96    0.96   0    0.177645     0.211763     1.71763
97    0.97   0    0.175672     0.210448     1.70448
98    0.98   0    0.173685     0.209124     1.69124
99    0.99   0    0.171686     0.20779     1.6779
100    1   0    0.169673     0.206448     1.66448
101    1.01   0    0.167647     0.205098     1.65098
102    1.02   0    0.165608     0.203739     1.63739
103    1.03   0    0.163557     0.202371     1.62371
104    1.04   0    0.161493     0.200995     1.60995
105    1.05   0    0.159417     0.199611     1.59611
106    1.06   0    0.157329     0.19822     1.5822
107    1.07   0    0.15523     0.19682     1.5682
108    1.08   0    0.153119     0.195413     1.55413
109    1.09   0    0.150996     0.193998     1.53998
110    1.1   0    0.148863     0.192575     1.52575
111    1.11   0    0.146719     0.191146     1.51146
112    1.12   0    0.144564     0.189709     1.49709
113    1.13   0    0.142398     0.188266     1.48266
114    1.14   0    0.140223     0.186815     1.46815
115    1.15   0    0.138037     0.185358     1.45358
116    1.16   0    0.135841     0.183894     1.43894
117    1.17   0    0.133636     0.182424     1.42424
118    1.18   0    0.131422     0.180948     1.40948
119    1.19   0    0.129198     0.179466     1.39466
120    1.2   0    0.126966     0.177977     1.37977
121    1.21   0    0.124725     0.176483     1.36483
122    1.22   0    0.122475     0.174983     1.34983
123    1.23   0    0.120217     0.173478     1.33478
124    1.24   0    0.117951     0.171967     1.31967
125    1.25   0    0.115677     0.170452     1.30452
126    1.26   0    0.113396     0.168931     1.28931
127    1.27   0    0.111107     0.167405     1.27405
128    1.28   0    0.108812     0.165874     1.25874
129    1.29   0    0.106509     0.164339     1.24339
130    1.3   0    0.1042     0.1628     1.228
131    1.31   0    0.101884     0.161256     1.21256
132    1.32   0    0.0995621     0.159708     1.19708
133    1.33   0    0.0972343     0.158156     1.18156
134    1.34   0    0.0949007     0.1566     1.166
135    1.35   0    0.0925616     0.155041     1.15041
136    1.36   0    0.0902173     0.153478     1.13478
137    1.37   0    0.0878679     0.151912     1.11912
138    1.38   0    0.0855138     0.150343     1.10343
139    1.39   0    0.0831551     0.14877     1.0877
140    1.4   0    0.0807921     0.147195     1.07195
141    1.41   0    0.078425     0.145617     1.05617
142    1.42   0    0.0760541     0.144036     1.04036
143    1.43   0    0.0736796     0.142453     1.02453
144    1.44   0    0.0713017     0.140868     1.00868
145    1.45   0    0.0689207     0.13928     0.992804
146    1.46   0    0.0665367     0.137691     0.976912
147    1.47   0    0.0641502     0.1361     0.961001
148    1.48   0    0.0617612     0.134507     0.945075
149    1.49   0    0.05937     0.132913     0.929134
150    1.5   0    0.0569769     0.131318     0.91318
151    1.51   0    0.0545821     0.129721     0.897214
152    1.52   0    0.0521859     0.128124     0.881239
153    1.53   0    0.0497884     0.126526     0.865256
154    1.54   0    0.04739     0.124927     0.849266
155    1.55   0    0.0449908     0.123327     0.833272
156    1.56   0    0.0425911     0.121727     0.817274
157    1.57   0    0.0401911     0.120127     0.801274
158    1.58   0    0.0377911     0.118527     0.785274
159    1.59   0    0.0353914     0.116928     0.769276
160    1.6   0    0.0329921     0.115328     0.753281
161    1.61   0    0.0305935     0.113729     0.73729
162    1.62   0    0.0281959     0.112131     0.721306
163    1.63   0    0.0257994     0.110533     0.705329
164    1.64   0    0.0234044     0.108936     0.689362
165    1.65   0    0.021011     0.107341     0.673407
166    1.66   0    0.0186195     0.105746     0.657463
167    1.67   0    0.0162302     0.104153     0.641534
168    1.68   0    0.0138432     0.102562     0.625621
169    1.69   0    0.0114588     0.100973     0.609725
170    1.7   0    0.00907732     0.0993849     0.593849
171    1.71   0    0.00669891     0.0977993     0.577993
172    1.72   0    0.00432383     0.0962159     0.562159
173    1.73   0    0.00195232     0.0946349     0.546349
174    1.74   0    -0.000415388     0.0930564     0.530564
175    1.75   0    -0.00277905     0.0914806     0.514806
176    1.76   0    -0.00513844     0.0899077     0.499077
177    1.77   0    -0.00749332     0.0883378     0.483378
178    1.78   0    -0.00984344     0.086771     0.46771
179    1.79   0    -0.0121886     0.0852076     0.452076
180    1.8   0    -0.0145285     0.0836477     0.436477
181    1.81   0    -0.016863     0.0820914     0.420914
182    1.82   0    -0.0191918     0.0805388     0.405388
183    1.83   0    -0.0215146     0.0789903     0.389903
184    1.84   0    -0.0238313     0.0774458     0.374458
185    1.85   0    -0.0261417     0.0759056     0.359056
186    1.86   0    -0.0284454     0.0743698     0.343698
187    1.87   0    -0.0307422     0.0728385     0.328385
188    1.88   0    -0.033032     0.071312     0.31312
189    1.89   0    -0.0353145     0.0697903     0.297903
190    1.9   0    -0.0375895     0.0682737     0.282737
191    1.91   0    -0.0398567     0.0667622     0.267622
192    1.92   0    -0.0421159     0.0652561     0.252561
193    1.93   0    -0.0443669     0.0637554     0.237554
194    1.94   0    -0.0466095     0.0622603     0.222603
195    1.95   0    -0.0488434     0.0607711     0.207711
196    1.96   0    -0.0510684     0.0592877     0.192877
197    1.97   0    -0.0532843     0.0578104     0.178104
198    1.98   0    -0.0554909     0.0563394     0.163394
199    1.99   0    -0.057688     0.0548747     0.148747
200    2   0    -0.0598752     0.0534165     0.134165
201    2.01   0    -0.0620525     0.051965     0.11965
202    2.02   0    -0.0642196     0.0505203     0.105203
203    2.03   0    -0.0663763     0.0490825     0.0908249
204    2.04   0    -0.0685223     0.0476518     0.0765181
205    2.05   0    -0.0706574     0.0462284     0.0622837
206    2.06   0    -0.0727815     0.0448123     0.048123
207    2.07   0    -0.0748944     0.0340375     0.0434038
208    2.08   0    -0.0769957     0.0200286     0.0420029
209    2.09   0    -0.0790853     0.00609774     0.0406098
210    2.1   0    -0.0811631     -0.00775377     0.0392246
211    2.11   0    -0.0832287     -0.0215245     0.0378476
212    2.12   0    -0.085282     -0.0352131     0.0364787
213    2.13   0    -0.0873227     -0.0488181     0.0351182
214    2.14   0    -0.0893507     -0.0623383     0.0337662
215    2.15   0    -0.0913658     -0.0757723     0.0324228
216    2.16   0    -0.0933678     -0.0891186     0.0310881
217    2.17   0    -0.102376     -0.0953564     0.0297624
218    2.18   0    -0.115543     -0.0973315     0.0284457
219    2.19   0    -0.128619     -0.0992928     0.0271381
220    2.2   0    -0.141602     -0.10124     0.0258398
221    2.21   0    -0.15449     -0.103174     0.024551
222    2.22   0    -0.167284     -0.105093     0.0232716
223    2.23   0    -0.17998     -0.106997     0.022002
224    2.24   0    -0.192579     -0.108887     0.0207421
225    2.25   0    -0.205078     -0.110762     0.0194922
226    2.26   0    -0.217477     -0.112621     0.0182523
227    2.27   0    -0.229773     -0.114466     0.0170227
228    2.28   0    -0.241967     -0.116295     0.0158033
229    2.29   0    -0.254057     -0.118109     0.0145943
230    2.3   0    -0.266042     -0.119906     0.0133958
231    2.31   0    -0.277919     -0.121688     0.0122081
232    2.32   0    -0.289689     -0.123453     0.0110311
233    2.33   0    -0.30135     -0.125203     0.00986496
234    2.34   0    -0.312901     -0.126935     0.00870987
235    2.35   0    -0.324341     -0.128651     0.00756591
236    2.36   0    -0.335668     -0.13035     0.00643319
237    2.37   0    -0.346882     -0.132032     0.00531183
238    2.38   0    -0.357981     -0.133697     0.00420194
239    2.39   0    -0.368964     -0.135345     0.00310363
240    2.4   0    -0.37983     -0.136974     0.00201701
241    2.41   0    -0.390578     -0.138587     0.000942182
242    2.42   0    -0.401207     -0.140181     -0.000120737
243    2.43   0    -0.411716     -0.141757     -0.00117164
244    2.44   0    -0.422104     -0.143316     -0.00221043
245    2.45   0    -0.43237     -0.144856     -0.003237
246    2.46   0    -0.442512     -0.146377     -0.00425125
247    2.47   0    -0.452531     -0.14788     -0.00525307
248    2.48   0    -0.462424     -0.149364     -0.00624236
249    2.49   0    -0.47219     -0.150829     -0.00721903
250    2.5   0    -0.48183     -0.152274     -0.00818298
251    2.51   0    -0.491341     -0.153701     -0.00913411
252    2.52   0    -0.500723     -0.155108     -0.0100723
253    2.53   0    -0.509975     -0.156496     -0.0109975
254    2.54   0    -0.519096     -0.157864     -0.0119096
255    2.55   0    -0.528086     -0.159213     -0.0128086
256    2.56   0    -0.536942     -0.160541     -0.0136942
257    2.57   0    -0.545665     -0.16185     -0.0145665
258    2.58   0    -0.554253     -0.163138     -0.0154253
259    2.59   0    -0.562706     -0.164406     -0.0162706
260    2.6   0    -0.571022     -0.165653     -0.0171022
261    2.61   0    -0.579201     -0.16688     -0.0179201
262    2.62   0    -0.587243     -0.168086     -0.0187243
263    2.63   0    -0.595145     -0.169272     -0.0195145
264    2.64   0    -0.602909     -0.170436     -0.0202909
265    2.65   0    -0.610532     -0.17158     -0.0210532
266    2.66   0    -0.618013     -0.172702     -0.0218013
267    2.67   0    -0.625353     -0.173803     -0.0225353
268    2.68   0    -0.632551     -0.174883     -0.0232551
269    2.69   0    -0.639605     -0.175941     -0.0239605
270    2.7   0    -0.646515     -0.176977     -0.0246515
271    2.71   0    -0.653281     -0.177992     -0.0253281
272    2.72   0    -0.659901     -0.178985     -0.0259901
273    2.73   0    -0.666376     -0.179956     -0.0266376
274    2.74   0    -0.672703     -0.180906     -0.0272703
275    2.75   0    -0.678884     -0.181833     -0.0278884
276    2.76   0    -0.684916     -0.182737     -0.0284916
277    2.77   0    -0.6908     -0.18362     -0.02908
278    2.78   0    -0.696535     -0.18448     -0.0296535
279    2.79   0    -0.702121     -0.185318     -0.0302121
280    2.8   0    -0.707556     -0.186133     -0.0307556
281    2.81   0    -0.71284     -0.186926     -0.031284
282    2.82   0    -0.717973     -0.187696     -0.0317973
283    2.83   0    -0.722954     -0.188443     -0.0322954
284    2.84   0    -0.727783     -0.189168     -0.0327783
285    2.85   0    -0.73246     -0.189869     -0.033246
286    2.86   0    -0.736983     -0.190547     -0.0336983
287    2.87   0    -0.741352     -0.191203     -0.0341352
288    2.88   0    -0.745567     -0.191835     -0.0345567
289    2.89   0    -0.749627     -0.192444     -0.0349627
290    2.9   0    -0.753533     -0.19303     -0.0353533
291    2.91   0    -0.757283     -0.193592     -0.0357283
292    2.92   0    -0.760878     -0.194132     -0.0360878
293    2.93   0    -0.764316     -0.194647     -0.0364316
294    2.94   0    -0.767598     -0.19514     -0.0367598
295    2.95   0    -0.770724     -0.195609     -0.0370724
296    2.96   0    -0.773692     -0.196054     -0.0373692
297    2.97   0    -0.776503     -0.196475     -0.0376503
298    2.98   0    -0.779156     -0.196873     -0.0379156
299    2.99   0    -0.781651     -0.197248     -0.0381651
300    3   0    -0.783988     -0.197598     -0.0383988
301    3.01   0    -0.786167     -0.197925     -0.0386167
302    3.02   0    -0.788187     -0.198228     -0.0388187
303    3.03   0    -0.790048     -0.198507     -0.0390048
304    3.04   0    -0.79175     -0.198763     -0.039175
305    3.05   0    -0.793293     -0.198994     -0.0393293
306    3.06   0    -0.794677     -0.199202     -0.0394677
307    3.07   0    -0.795901     -0.199385     -0.0395901
308    3.08   0    -0.796966     -0.199545     -0.0396966
309    3.09   0    -0.797871     -0.199681     -0.0397871
310    3.1   0    -0.798616     -0.199792     -0.0398616
311    3.11   0    -0.799202     -0.19988     -0.0399202
312    3.12   0    -0.799627     -0.199944     -0.0399627
313    3.13   0    -0.799892     -0.199984     -0.0399892
314    3.14   0    -0.799998     -0.2     -0.0399998
315    3.14159   0    -0.8     -0.2     -0.04
316    3.14159   0.01    -0.800044     -0.199996     -0.0399158
317    3.14159   0.02    -0.800177     -0.199984     -0.0396633
318    3.14159   0.03    -0.800397     -0.199964     -0.0392427
319    3.14159   0.04    -0.800705     -0.199936     -0.0386546
320    3.14159   0.05    -0.801101     -0.1999     -0.0378995
321    3.14159   0.06    -0.801582     -0.199856     -0.0369783
322    3.14159   0.07    -0.802149     -0.199804     -0.035892
323    3.14159   0.08    -0.8028     -0.199744     -0.0346418
324    3.14159   0.09    -0.803533     -0.199676     -0.0332288
325    3.14159   0.1    -0.804349     -0.1996     -0.0316547
326    3.14159   0.11    -0.805244     -0.199516     -0.0299211
327    3.14159   0.12    -0.806217     -0.199425     -0.0280297
328    3.14159   0.13    -0.807267     -0.199325     -0.0259824
329    3.14159   0.14    -0.808391     -0.199217     -0.0237814
330    3.14159   0.15    -0.809588     -0.199102     -0.0214286
331    3.14159   0.16    -0.810855     -0.198978     -0.0189264
332    3.14159   0.17    -0.812191     -0.198847     -0.0162772
333    3.14159   0.18    -0.813592     -0.198707     -0.0134834
334    3.14159   0.19    -0.815056     -0.19856     -0.0105475
335    3.14159   0.2    -0.816581     -0.198405     -0.00747219
336    3.14159   0.21    -0.818165     -0.198242     -0.00426008
337    3.14159   0.22    -0.819804     -0.198072     -0.000913939
338    3.14159   0.23    -0.821497     -0.197893     0.00256346
339    3.14159   0.24    -0.82324     -0.197707     0.0061693
340    3.14159   0.25    -0.825031     -0.197513     0.0099007
341    3.14159   0.26    -0.826867     -0.197311     0.0137548
342    3.14159   0.27    -0.828745     -0.197102     0.0177287
343    3.14159   0.28    -0.830664     -0.196884     0.0218194
344    3.14159   0.29    -0.832619     -0.19666     0.0260241
345    3.14159   0.3    -0.834609     -0.196427     0.0303398
346    3.14159   0.31    -0.83663     -0.196187     0.0347635
347    3.14159   0.32    -0.838681     -0.195939     0.0392925
348    3.14159   0.33    -0.840758     -0.195683     0.0439236
349    3.14159   0.34    -0.842858     -0.19542     0.0486542
350    3.14159   0.35    -0.844979     -0.19515     0.0534813
351    3.14159   0.36    -0.847119     -0.194872     0.058402
352    3.14159   0.37    -0.849275     -0.194586     0.0634136
353    3.14159   0.38    -0.851445     -0.194293     0.0685132
354    3.14159   0.39    -0.853625     -0.193993     0.0736981
355    3.14159   0.4    -0.855814     -0.193685     0.0789656
356    3.14159   0.41    -0.85801     -0.19337     0.084313
357    3.14159   0.42    -0.860209     -0.193047     0.0897376
358    3.14159   0.43    -0.862409     -0.192717     0.0952368
359    3.14159   0.44    -0.864609     -0.19238     0.100808
360    3.14159   0.45    -0.866806     -0.192036     0.106449
361    3.14159   0.46    -0.868999     -0.191684     0.112157
362    3.14159   0.47    -0.871183     -0.191325     0.117929
363    3.14159   0.48    -0.873359     -0.19096     0.123763
364    3.14159   0.49    -0.875524     -0.190587     0.129657
365    3.14159   0.5    -0.877675     -0.190207     0.135609
366    3.14159   0.51    -0.879811     -0.18982     0.141616
367    3.14159   0.52    -0.881931     -0.189426     0.147675
368    3.14159   0.53    -0.884031     -0.189025     0.153785
369    3.14159   0.54    -0.886111     -0.188617     0.159944
370    3.14159   0.55    -0.888169     -0.188202     0.166149
371    3.14159   0.56    -0.890202     -0.18778     0.172398
372    3.14159   0.57    -0.892211     -0.187352     0.17869
373    3.14159   0.58    -0.894192     -0.186917     0.185021
374    3.14159   0.59    -0.896144     -0.186475     0.191391
375    3.14159   0.6    -0.898066     -0.186027     0.197797
376    3.14159   0.61    -0.899956     -0.185572     0.204237
377    3.14159   0.62    -0.901813     -0.18511     0.21071
378    3.14159   0.63    -0.903635     -0.184642     0.217213
379    3.14159   0.64    -0.905422     -0.184168     0.223745
380    3.14159   0.65    -0.907172     -0.183687     0.230305
381    3.14159   0.66    -0.908883     -0.183199     0.236889
382    3.14159   0.67    -0.910554     -0.182706     0.243497
383    3.14159   0.68    -0.912184     -0.182206     0.250126
384    3.14159   0.69    -0.913773     -0.1817     0.256776
385    3.14159   0.7    -0.915318     -0.181187     0.263445
386    3.14159   0.71    -0.916819     -0.180669     0.27013
387    3.14159   0.72    -0.918275     -0.180144     0.276831
388    3.14159   0.73    -0.919685     -0.179614     0.283545
389    3.14159   0.74    -0.921047     -0.179077     0.290272
390    3.14159   0.75    -0.922361     -0.178535     0.29701
391    3.14159   0.76    -0.923625     -0.177987     0.303757
392    3.14159   0.77    -0.92484     -0.177433     0.310512
393    3.14159   0.78    -0.926004     -0.176873     0.317273
394    3.14159   0.79    -0.927116     -0.176308     0.324039
395    3.14159   0.8    -0.928175     -0.175737     0.33081
396    3.14159   0.81    -0.929181     -0.17516     0.337582
397    3.14159   0.82    -0.930133     -0.174578     0.344356
398    3.14159   0.83    -0.931029     -0.17399     0.351129
399    3.14159   0.84    -0.931871     -0.173397     0.3579
400    3.14159   0.85    -0.932656     -0.172799     0.364669
401    3.14159   0.86    -0.933384     -0.172195     0.371434
402    3.14159   0.87    -0.934054     -0.171586     0.378193
403    3.14159   0.88    -0.934667     -0.170972     0.384946
404    3.14159   0.89    -0.93522     -0.170353     0.39169
405    3.14159   0.9    -0.935714     -0.169729     0.398426
406    3.14159   0.91    -0.936149     -0.1691     0.405152
407    3.14159   0.92    -0.936523     -0.168466     0.411866
408    3.14159   0.93    -0.936836     -0.167827     0.418568
409    3.14159   0.94    -0.937087     -0.167183     0.425257
410    3.14159   0.95    -0.937277     -0.166535     0.431931
411    3.14159   0.96    -0.937405     -0.165882     0.438589
412    3.14159   0.97    -0.93747     -0.165224     0.44523
413    3.14159   0.98    -0.937472     -0.164562     0.451854
414    3.14159   0.99    -0.93741     -0.163895     0.458458
415    3.14159   1    -0.937285     -0.163224     0.465043
416    3.14159   1.01    -0.937095     -0.162549     0.471606
417    3.14159   1.02    -0.936841     -0.161869     0.478148
418    3.14159   1.03    -0.936522     -0.161186     0.484667
419    3.14159   1.04    -0.936138     -0.160498     0.491162
420    3.14159   1.05    -0.935689     -0.159806     0.497632
421    3.14159   1.06    -0.935174     -0.15911     0.504076
422    3.14159   1.07    -0.934593     -0.15841     0.510494
423    3.14159   1.08    -0.933946     -0.157706     0.516883
424    3.14159   1.09    -0.933233     -0.156999     0.523245
425    3.14159   1.1    -0.932453     -0.156288     0.529576
426    3.14159   1.11    -0.931607     -0.155573     0.535878
427    3.14159   1.12    -0.930694     -0.154855     0.542148
428    3.14159   1.13    -0.929714     -0.154133     0.548386
429    3.14159   1.14    -0.928667     -0.153408     0.554591
430    3.14159   1.15    -0.927553     -0.152679     0.560763
431    3.14159   1.16    -0.926371     -0.151947     0.566899
432    3.14159   1.17    -0.925122     -0.151212     0.573001
433    3.14159   1.18    -0.923806     -0.150474     0.579066
434    3.14159   1.19    -0.922422     -0.149733     0.585094
435    3.14159   1.2    -0.92097     -0.148989     0.591084
436    3.14159   1.21    -0.919451     -0.148242     0.597035
437    3.14159   1.22    -0.917864     -0.147492     0.602948
438    3.14159   1.23    -0.91621     -0.146739     0.60882
439    3.14159   1.24    -0.914488     -0.145984     0.614651
440    3.14159   1.25    -0.912699     -0.145226     0.620441
441    3.14159   1.26    -0.910842     -0.144465     0.626188
442    3.14159   1.27    -0.908917     -0.143702     0.631893
443    3.14159   1.28    -0.906926     -0.142937     0.637553
444    3.14159   1.29    -0.904866     -0.14217     0.64317
445    3.14159   1.3    -0.90274     -0.1414     0.648741
446    3.14159   1.31    -0.900546     -0.140628     0.654266
447    3.14159   1.32    -0.898286     -0.139854     0.659746
448    3.14159   1.33    -0.895958     -0.139078     0.665178
449    3.14159   1.34    -0.893564     -0.1383     0.670562
450    3.14159   1.35    -0.891103     -0.137521     0.675898
451    3.14159   1.36    -0.888576     -0.136739     0.681185
452    3.14159   1.37    -0.885982     -0.135956     0.686423
453    3.14159   1.38    -0.883323     -0.135171     0.69161
454    3.14159   1.39    -0.880597     -0.134385     0.696747
455    3.14159   1.4    -0.877806     -0.133597     0.701832
456    3.14159   1.41    -0.874949     -0.132808     0.706866
457    3.14159   1.42    -0.872027     -0.132018     0.711847
458    3.14159   1.43    -0.86904     -0.131227     0.716775
459    3.14159   1.44    -0.865988     -0.130434     0.721649
460    3.14159   1.45    -0.862872     -0.12964     0.72647
461    3.14159   1.46    -0.859692     -0.128846     0.731236
462    3.14159   1.47    -0.856447     -0.12805     0.735947
463    3.14159   1.48    -0.853139     -0.127254     0.740602
464    3.14159   1.49    -0.849768     -0.126457     0.745201
465    3.14159   1.5    -0.846334     -0.125659     0.749744
466    3.14159   1.51    -0.842837     -0.124861     0.75423
467    3.14159   1.52    -0.839278     -0.124062     0.758658
468    3.14159   1.53    -0.835657     -0.123263     0.763029
469    3.14159   1.54    -0.831974     -0.122463     0.767341
470    3.14159   1.55    -0.82823     -0.121664     0.771594
471    3.14159   1.56    -0.824426     -0.120864     0.775789
472    3.14159   1.57    -0.82056     -0.120064     0.779923
473    3.14159   1.58    -0.816635     -0.119264     0.783998
474    3.14159   1.59    -0.81265     -0.118464     0.788012
475    3.14159   1.6    -0.808606     -0.117664     0.791966
476    3.14159   1.61    -0.804504     -0.116865     0.795859
477    3.14159   1.62    -0.800343     -0.116065     0.79969
478    3.14159   1.63    -0.796124     -0.115266     0.803459
479    3.14159   1.64    -0.791848     -0.114468     0.807166
480    3.14159   1.65    -0.787514     -0.11367     0.810811
481    3.14159   1.66    -0.783125     -0.112873     0.814393
482    3.14159   1.67    -0.778679     -0.112077     0.817912
483    3.14159   1.68    -0.774179     -0.111281     0.821368
484    3.14159   1.69    -0.769623     -0.110486     0.82476
485    3.14159   1.7    -0.765013     -0.109692     0.828089
486    3.14159   1.71    -0.760349     -0.1089     0.831353
487    3.14159   1.72    -0.755632     -0.108108     0.834553
488    3.14159   1.73    -0.750862     -0.107317     0.837688
489    3.14159   1.74    -0.74604     -0.106528     0.840758
490    3.14159   1.75    -0.741167     -0.10574     0.843764
491    3.14159   1.76    -0.736243     -0.104954     0.846704
492    3.14159   1.77    -0.731268     -0.104169     0.849579
493    3.14159   1.78    -0.726244     -0.103386     0.852388
494    3.14159   1.79    -0.72117     -0.102604     0.855132
495    3.14159   1.8    -0.716048     -0.101824     0.85781
496    3.14159   1.81    -0.710878     -0.101046     0.860422
497    3.14159   1.82    -0.705661     -0.100269     0.862967
498    3.14159   1.83    -0.700398     -0.0994951     0.865447
499    3.14159   1.84    -0.695089     -0.0987229     0.86786
500    3.14159   1.85    -0.689734     -0.0979528     0.870206
501    3.14159   1.86    -0.684335     -0.0971849     0.872486
502    3.14159   1.87    -0.678892     -0.0964193     0.8747
503    3.14159   1.88    -0.673407     -0.095656     0.876847
504    3.14159   1.89    -0.667879     -0.0948952     0.878927
505    3.14159   1.9    -0.662309     -0.0941368     0.880941
506    3.14159   1.91    -0.656699     -0.0933811     0.882888
507    3.14159   1.92    -0.651048     -0.092628     0.884768
508    3.14159   1.93    -0.645358     -0.0918777     0.886581
509    3.14159   1.94    -0.63963     -0.0911302     0.888328
510    3.14159   1.95    -0.633864     -0.0903855     0.890008
511    3.14159   1.96    -0.628061     -0.0896439     0.891622
512    3.14159   1.97    -0.622222     -0.0889052     0.893169
513    3.14159   1.98    -0.616347     -0.0881697     0.89465
514    3.14159   1.99    -0.610438     -0.0874373     0.896065
515    3.14159   2    -0.604496     -0.0867083     0.897413
516    3.14159   2.01    -0.598521     -0.0859825     0.898696
517    3.14159   2.02    -0.592513     -0.0852601     0.899912
518    3.14159   2.03    -0.586475     -0.0845412     0.901063
519    3.14159   2.04    -0.580407     -0.0838259     0.902148
520    3.14159   2.05    -0.57431     -0.0831142     0.903168
521    3.14159   2.06    -0.568184     -0.0824062     0.904122
522    3.14159   2.07    -0.562031     -0.0817019     0.905012
523    3.14159   2.08    -0.555851     -0.0810014     0.905837
524    3.14159   2.09    -0.549646     -0.0803049     0.906597
525    3.14159   2.1    -0.543417     -0.0796123     0.907294
526    3.14159   2.11    -0.537164     -0.0789238     0.907926
527    3.14159   2.12    -0.530888     -0.0782393     0.908495
528    3.14159   2.13    -0.524591     -0.0775591     0.909
529    3.14159   2.14    -0.518273     -0.0768831     0.909443
530    3.14159   2.15    -0.511936     -0.0762114     0.909822
531    3.14159   2.16    -0.505581     -0.0755441     0.91014
532    3.14159   2.17    -0.499208     -0.0748812     0.910396
533    3.14159   2.18    -0.492819     -0.0742228     0.91059
534    3.14159   2.19    -0.486414     -0.0735691     0.910724
535    3.14159   2.2    -0.479996     -0.0729199     0.910797
536    3.14159   2.21    -0.473564     -0.0722755     0.910809
537    3.14159   2.22    -0.467121     -0.0716358     0.910763
538    3.14159   2.23    -0.460667     -0.071001     0.910657
539    3.14159   2.24    -0.454203     -0.0703711     0.910492
540    3.14159   2.25    -0.447731     -0.0697461     0.91027
541    3.14159   2.26    -0.441252     -0.0691262     0.90999
542    3.14159   2.27    -0.434767     -0.0685113     0.909654
543    3.14159   2.28    -0.428277     -0.0679016     0.909261
544    3.14159   2.29    -0.421784     -0.0672971     0.908812
545    3.14159   2.3    -0.415288     -0.0666979     0.908309
546    3.14159   2.31    -0.408791     -0.066104     0.907751
547    3.14159   2.32    -0.402295     -0.0655155     0.90714
548    3.14159   2.33    -0.395801     -0.0649325     0.906476
549    3.14159   2.34    -0.389309     -0.0643549     0.90576
550    3.14159   2.35    -0.382822     -0.063783     0.904993
551    3.14159   2.36    -0.376341     -0.0632166     0.904175
552    3.14159   2.37    -0.369867     -0.0626559     0.903307
553    3.14159   2.38    -0.363401     -0.062101     0.902391
554    3.14159   2.39    -0.356945     -0.0615518     0.901427
555    3.14159   2.4    -0.350501     -0.0610085     0.900416
556    3.14159   2.41    -0.34407     -0.0604711     0.899359
557    3.14159   2.42    -0.337653     -0.0599396     0.898257
558    3.14159   2.43    -0.331252     -0.0594142     0.897111
559    3.14159   2.44    -0.324869     -0.0588948     0.895921
560    3.14159   2.45    -0.318505     -0.0583815     0.89469
561    3.14159   2.46    -0.312162     -0.0578744     0.893418
562    3.14159   2.47    -0.305841     -0.0573735     0.892106
563    3.14159   2.48    -0.299544     -0.0568788     0.890755
564    3.14159   2.49    -0.293272     -0.0563905     0.889367
565    3.14159   2.5    -0.287028     -0.0559085     0.887943
566    3.14159   2.51    -0.280813     -0.0554329     0.886484
567    3.14159   2.52    -0.274629     -0.0549638     0.884991
568    3.14159   2.53    -0.268478     -0.0545012     0.883465
569    3.14159   2.54    -0.262361     -0.0540452     0.881909
570    3.14159   2.55    -0.25628     -0.0535957     0.880323
571    3.14159   2.56    -0.250237     -0.0531529     0.878708
572    3.14159   2.57    -0.244234     -0.0527168     0.877067
573    3.14159   2.58    -0.238274     -0.0522874     0.8754
574    3.14159   2.59    -0.232357     -0.0518647     0.87371
575    3.14159   2.6    -0.226486     -0.0514489     0.871997
576    3.14159   2.61    -0.220663     -0.0510399     0.870264
577    3.14159   2.62    -0.21489     -0.0506379     0.868511
578    3.14159   2.63    -0.209169     -0.0502427     0.866741
579    3.14159   2.64    -0.203502     -0.0498546     0.864956
580    3.14159   2.65    -0.197891     -0.0494734     0.863157
581    3.14159   2.66    -0.192338     -0.0490993     0.861345
582    3.14159   2.67    -0.186847     -0.0487323     0.859523
583    3.14159   2.68    -0.181417     -0.0483725     0.857693
584    3.14159   2.69    -0.176053     -0.0480197     0.855856
585    3.14159   2.7    -0.170757     -0.0476742     0.854014
586    3.14159   2.71    -0.165529     -0.0473359     0.85217
587    3.14159   2.72    -0.160374     -0.0470049     0.850325
588    3.14159   2.73    -0.155293     -0.0466812     0.848481
589    3.14159   2.74    -0.150288     -0.0463648     0.84664
590    3.14159   2.75    -0.145363     -0.0460558     0.844805
591    3.14159   2.76    -0.140519     -0.0457542     0.842977
592    3.14159   2.77    -0.135759     -0.04546     0.841159
593    3.14159   2.78    -0.131085     -0.0451732     0.839352
594    3.14159   2.79    -0.126499     -0.044894     0.83756
595    3.14159   2.8    -0.122005     -0.0446222     0.835783
596    3.14159   2.81    -0.117605     -0.044358     0.834025
597    3.14159   2.82    -0.113301     -0.0441013     0.832287
598    3.14159   2.83    -0.109095     -0.0438523     0.830573
599    3.14159   2.84    -0.104991     -0.0436108     0.828883
600    3.14159   2.85    -0.10099     -0.043377     0.82722
601    3.14159   2.86    -0.0970956     -0.0431509     0.825587
602    3.14159   2.87    -0.0933095     -0.0429324     0.823985
603    3.14159   2.88    -0.0896346     -0.0427217     0.822418
604    3.14159   2.89    -0.0860731     -0.0425186     0.820887
605    3.14159   2.9    -0.0826274     -0.0423233     0.819394
606    3.14159   2.91    -0.0793001     -0.0421358     0.817942
607    3.14159   2.92    -0.0760933     -0.0419561     0.816532
608    3.14159   2.93    -0.0730095     -0.0417842     0.815168
609    3.14159   2.94    -0.0700508     -0.0416201     0.81385
610    3.14159   2.95    -0.0672196     -0.0414638     0.812581
611    3.14159   2.96    -0.0645179     -0.0413154     0.811364
612    3.14159   2.97    -0.0619478     -0.0411749     0.810199
613    3.14159   2.98    -0.0595113     -0.0410422     0.809089
614    3.14159   2.99    -0.0572105     -0.0409175     0.808036
615    3.14159   3    -0.0550471     -0.0408006     0.807041
616    3.14159   3.01    -0.053023     -0.0406917     0.806106
617    3.14159   3.02    -0.0511398     -0.0405907     0.805233
618    3.14159   3.03    -0.0493991     -0.0404976     0.804423
619    3.14159   3.04    -0.0478025     -0.0404125     0.803678
620    3.14159   3.05    -0.0463513     -0.0403353     0.802998
621    3.14159   3.06    -0.0450467     -0.0402661     0.802385
622    3.14159   3.07    -0.04389     -0.0402049     0.801841
623    3.14159   3.08    -0.0428821     -0.0401517     0.801365
624    3.14159   3.09    -0.0420239     -0.0401064     0.800959
625    3.14159   3.1    -0.0413163     -0.0400692     0.800624
626    3.14159   3.11    -0.0407599     -0.0400399     0.800361
627    3.14159   3.12    -0.0403551     -0.0400186     0.800169
628    3.14159   3.13    -0.0401024     -0.0400054     0.800049
629    3.14159   3.14    -0.0400019     -0.0400001     0.800001
630    3.14159   3.14159    -0.04     -0.04     0.8
631    3.13159   3.13159    -0.0401604     -0.04     0.800072
632    3.12159   3.12159    -0.0406411     -0.04     0.800289
633    3.11159   3.11159    -0.0414412     -0.04     0.80065
634    3.10159   3.10159    -0.042559     -0.0399999     0.801152
635    3.09159   3.09159    -0.0439923     -0.0399999     0.801795
636    3.08159   3.08159    -0.0457381     -0.0399997     0.802575
637    3.07159   3.07159    -0.0477929     -0.0399995     0.803491
638    3.06159   3.06159    -0.0501526     -0.0399992     0.804538
639    3.05159   3.05159    -0.0528127     -0.0399987     0.805712
640    3.04159   3.04159    -0.0557678     -0.039998     0.807009
641    3.03159   3.03159    -0.0590125     -0.0399971     0.808425
642    3.02159   3.02159    -0.0625406     -0.0399959     0.809954
643    3.01159   3.01159    -0.0663458     -0.0399943     0.811592
644    3.00159   3.00159    -0.0704211     -0.0399923     0.813331
645    2.99159   2.99159    -0.0747594     -0.0399899     0.815168
646    2.98159   2.98159    -0.0793534     -0.0399869     0.817095
647    2.97159   2.97159    -0.0841952     -0.0399834     0.819107
648    2.96159   2.96159    -0.0892771     -0.0399791     0.821197
649    2.95159   2.95159    -0.0945909     -0.0399741     0.823359
650    2.94159   2.94159    -0.100128     -0.0399682     0.825586
651    2.93159   2.93159    -0.105882     -0.0399614     0.827872
652    2.92159   2.92159    -0.111842     -0.0399535     0.830211
653    2.91159   2.91159    -0.118     -0.0399445     0.832596
654    2.90159   2.90159    -0.124349     -0.0399343     0.835021
655    2.89159   2.89159    -0.130879     -0.0399227     0.837479
656    2.88159   2.88159    -0.137583     -0.0399096     0.839965
657    2.87159   2.87159    -0.144451     -0.039895     0.842472
658    2.86159   2.86159    -0.151475     -0.0398787     0.844995
659    2.85159   2.85159    -0.158647     -0.0398605     0.847528
660    2.84159   2.84159    -0.165959     -0.0398404     0.850064
661    2.83159   2.83159    -0.173402     -0.0398182     0.852599
662    2.82159   2.82159    -0.180968     -0.0397938     0.855127
663    2.81159   2.81159    -0.18865     -0.0397671     0.857644
664    2.80159   2.80159    -0.196439     -0.0397378     0.860144
665    2.79159   2.79159    -0.204327     -0.0397059     0.862622
666    2.78159   2.78159    -0.212307     -0.0396713     0.865074
667    2.77159   2.77159    -0.220372     -0.0396336     0.867496
668    2.76159   2.76159    -0.228513     -0.0395929     0.869884
669    2.75159   2.75159    -0.236724     -0.0395489     0.872232
670    2.74159   2.74159    -0.244996     -0.0395015     0.874538
671    2.73159   2.73159    -0.253324     -0.0394505     0.876798
672    2.72159   2.72159    -0.2617     -0.0393957     0.879009
673    2.71159   2.71159    -0.270116     -0.039337     0.881167
674    2.70159   2.70159    -0.278568     -0.0392742     0.883269
675    2.69159   2.69159    -0.287046     -0.0392071     0.885312
676    2.68159   2.68159    -0.295546     -0.0391356     0.887293
677    2.67159   2.67159    -0.304061     -0.0390594     0.889211
678    2.66159   2.66159    -0.312583     -0.0389784     0.891062
679    2.65159   2.65159    -0.321108     -0.0388924     0.892844
680    2.64159   2.64159    -0.329629     -0.0388011     0.894555
681    2.63159   2.63159    -0.338139     -0.0387045     0.896193
682    2.62159   2.62159    -0.346634     -0.0386023     0.897757
683    2.61159   2.61159    -0.355106     -0.0384942     0.899244
684    2.60159   2.60159    -0.363551     -0.0383803     0.900654
685    2.59159   2.59159    -0.371963     -0.0382601     0.901985
686    2.58159   2.58159    -0.380336     -0.0381335     0.903235
687    2.57159   2.57159    -0.388664     -0.0380004     0.904404
688    2.56159   2.56159    -0.396943     -0.0378604     0.90549
689    2.55159   2.55159    -0.405167     -0.0377135     0.906493
690    2.54159   2.54159    -0.413331     -0.0375594     0.907412
691    2.53159   2.53159    -0.421429     -0.0373979     0.908246
692    2.52159   2.52159    -0.429457     -0.0372287     0.908995
693    2.51159   2.51159    -0.43741     -0.0370517     0.909659
694    2.50159   2.50159    -0.445282     -0.0368667     0.910237
695    2.49159   2.49159    -0.45307     -0.0366735     0.910729
696    2.48159   2.48159    -0.460768     -0.0364717     0.911135
697    2.47159   2.47159    -0.468372     -0.0362614     0.911455
698    2.46159   2.46159    -0.475876     -0.0360421     0.911689
699    2.45159   2.45159    -0.483278     -0.0358137     0.911837
700    2.44159   2.44159    -0.490572     -0.0355761     0.911901
701    2.43159   2.43159    -0.497753     -0.0353289     0.911879
702    2.42159   2.42159    -0.504818     -0.035072     0.911773
703    2.41159   2.41159    -0.511763     -0.0348051     0.911583
704    2.40159   2.40159    -0.518583     -0.0345281     0.91131
705    2.39159   2.39159    -0.525275     -0.0342407     0.910955
706    2.38159   2.38159    -0.531833     -0.0339428     0.910517
707    2.37159   2.37159    -0.538256     -0.033634     0.91
708    2.36159   2.36159    -0.544538     -0.0333143     0.909402
709    2.35159   2.35159    -0.550676     -0.0329834     0.908726
710    2.34159   2.34159    -0.556666     -0.0326411     0.907972
711    2.33159   2.33159    -0.562505     -0.0322871     0.907142
712    2.32159   2.32159    -0.568189     -0.0319213     0.906236
713    2.31159   2.31159    -0.573716     -0.0315435     0.905257
714    2.30159   2.30159    -0.57908     -0.0311535     0.904205
715    2.29159   2.29159    -0.58428     -0.0307511     0.903082
716    2.28159   2.28159    -0.589312     -0.030336     0.90189
717    2.27159   2.27159    -0.594173     -0.0299081     0.900629
718    2.26159   2.26159    -0.59886     -0.0294673     0.899303
719    2.25159   2.25159    -0.60337     -0.0290132     0.897911
720    2.24159   2.24159    -0.607699     -0.0285457     0.896456
721    2.23159   2.23159    -0.611847     -0.0280646     0.894941
722    2.22159   2.22159    -0.615808     -0.0275698     0.893366
723    2.21159   2.21159    -0.619582     -0.027061     0.891733
724    2.20159   2.20159    -0.623165     -0.0265381     0.890045
725    2.19159   2.19159    -0.626555     -0.0260009     0.888303
726    2.18159   2.18159    -0.62975     -0.0254492     0.886509
727    2.17159   2.17159    -0.632748     -0.0248828     0.884666
728    2.16159   2.16159    -0.635545     -0.0243017     0.882776
729    2.15159   2.15159    -0.63814     -0.0237055     0.880841
730    2.14159   2.14159    -0.640532     -0.0230942     0.878862
731    2.13159   2.13159    -0.642718     -0.0224676     0.876843
732    2.12159   2.12159    -0.644696     -0.0218256     0.874785
733    2.11159   2.11159    -0.646465     -0.0211679     0.872691
734    2.10159   2.10159    -0.648023     -0.0204945     0.870563
735    2.09159   2.09159    -0.649368     -0.0198052     0.868404
736    2.08159   2.08159    -0.650499     -0.0190999     0.866217
737    2.07159   2.07159    -0.651415     -0.0183783     0.864002
738    2.06159   2.06159    -0.652115     -0.0176405     0.861764
739    2.05159   2.05159    -0.652597     -0.0168862     0.859505
740    2.04159   2.04159    -0.65286     -0.0161154     0.857227
741    2.03159   2.03159    -0.652904     -0.0153279     0.854933
742    2.02159   2.02159    -0.652727     -0.0145237     0.852626
743    2.01159   2.01159    -0.652329     -0.0137025     0.850308
744    2.00159   2.00159    -0.65171     -0.0128643     0.847983
745    1.99159   1.99159    -0.650868     -0.012009     0.845653
746    1.98159   1.98159    -0.649804     -0.0111366     0.84332
747    1.97159   1.97159    -0.648517     -0.0102468     0.840988
748    1.96159   1.96159    -0.647007     -0.00933967     0.83866
749    1.95159   1.95159    -0.645274     -0.00841509     0.836339
750    1.94159   1.94159    -0.643318     -0.00747299     0.834027
751    1.93159   1.93159    -0.641139     -0.00651329     0.831728
752    1.92159   1.92159    -0.638739     -0.00553593     0.829444
753    1.91159   1.91159    -0.636116     -0.00454085     0.82718
754    1.90159   1.90159    -0.633272     -0.003528     0.824938
755    1.89159   1.89159    -0.630208     -0.00249732     0.822721
756    1.88159   1.88159    -0.626924     -0.00144879     0.820532
757    1.87159   1.87159    -0.623421     -0.000382351     0.818375
758    1.86159   1.86159    -0.619701     0.000702015     0.816254
759    1.85159   1.85159    -0.615764     0.00180434     0.81417
760    1.84159   1.84159    -0.611613     0.00292464     0.812129
761    1.83159   1.83159    -0.607248     0.00406293     0.810134
762    1.82159   1.82159    -0.602672     0.00521921     0.808187
763    1.81159   1.81159    -0.597885     0.0063935     0.806293
764    1.80159   1.80159    -0.592891     0.00758578     0.804455
765    1.79159   1.79159    -0.587692     0.00879604     0.802676
766    1.78159   1.78159    -0.582289     0.0100243     0.800962
767    1.77159   1.77159    -0.576685     0.0112705     0.799314
768    1.76159   1.76159    -0.570883     0.0125346     0.797738
769    1.75159   1.75159    -0.564885     0.0138165     0.796237
770    1.74159   1.74159    -0.558695     0.0151164     0.794815
771    1.73159   1.73159    -0.552315     0.016434     0.793477
772    1.72159   1.72159    -0.545749     0.0177693     0.792225
773    1.71159   1.71159    -0.539     0.0191224     0.791065
774    1.70159   1.70159    -0.532072     0.020493     0.79
775    1.69159   1.69159    -0.524969     0.0218812     0.789035
776    1.68159   1.68159    -0.517694     0.0232869     0.788174
777    1.67159   1.67159    -0.510252     0.0247099     0.787422
778    1.66159   1.66159    -0.502647     0.0261502     0.786783
779    1.65159   1.65159    -0.494883     0.0276078     0.786262
780    1.64159   1.64159    -0.486966     0.0290823     0.785863
781    1.63159   1.63159    -0.4789     0.0305739     0.785592
782    1.62159   1.62159    -0.470689     0.0320823     0.785452
783    1.61159   1.61159    -0.46234     0.0336075     0.785449
784    1.60159   1.60159    -0.453858     0.0351492     0.785588
785    1.59159   1.59159    -0.445248     0.0367074     0.785873
786    1.58159   1.58159    -0.436517     0.0382819     0.786311
787    1.57159   1.57159    -0.427669     0.0398726     0.786905
788    1.56159   1.56159    -0.418712     0.0414793     0.787662
789    1.55159   1.55159    -0.409651     0.0431019     0.788587
790    1.54159   1.54159    -0.400493     0.0447401     0.789684
791    1.53159   1.53159    -0.391245     0.0463939     0.79096
792    1.52159   1.52159    -0.381913     0.0480629     0.792419
793    1.51159   1.51159    -0.372505     0.0497471     0.794068
794    1.50159   1.50159    -0.363027     0.0514463     0.795912
795    1.49159   1.49159    -0.353487     0.0531602     0.797957
796    1.48159   1.48159    -0.343893     0.0548886     0.800208
797    1.47159   1.47159    -0.334251     0.0566313     0.802671
798    1.46159   1.46159    -0.32457     0.0583881     0.805351
799    1.45159   1.45159    -0.314856     0.0601588     0.808255
800    1.44159   1.44159    -0.305119     0.0619432     0.811387
801    1.43159   1.43159    -0.295365     0.063741     0.814753
802    1.42159   1.42159    -0.285603     0.0655519     0.81836
803    1.41159   1.41159    -0.27584     0.0673757     0.822211
804    1.40159   1.40159    -0.266085     0.0692122     0.826313
805    1.39159   1.39159    -0.256346     0.0710611     0.830671
806    1.38159   1.38159    -0.246629     0.0729221     0.83529
807    1.37159   1.37159    -0.236944     0.074795     0.840175
808    1.36159   1.36159    -0.227297     0.0766795     0.84533
809    1.35159   1.35159    -0.217698     0.0785752     0.85076
810    1.34159   1.34159    -0.208152     0.080482     0.85647
811    1.33159   1.33159    -0.198667     0.0823995     0.862463
812    1.32159   1.32159    -0.189251     0.0843274     0.868743
813    1.31159   1.31159    -0.17991     0.0862654     0.875314
814    1.30159   1.30159    -0.170651     0.0882132     0.882178
815    1.29159   1.29159    -0.161481     0.0901704     0.889339
816    1.28159   1.28159    -0.152405     0.0921369     0.896799
817    1.27159   1.27159    -0.14343     0.0941121     0.90456
818    1.26159   1.26159    -0.13456     0.0960959     0.912623
819    1.25159   1.25159    -0.125802     0.0980879     0.920989
820    1.24159   1.24159    -0.11716     0.100088     0.92966
821    1.23159   1.23159    -0.108638     0.102095     0.938635
822    1.22159   1.22159    -0.10024     0.104109     0.947914
823    1.21159   1.21159    -0.0919695     0.10613     0.957496
824    1.20159   1.20159    -0.0838304     0.108158     0.96738
825    1.19159   1.19159    -0.075825     0.110192     0.977565
826    1.18159   1.18159    -0.0679558     0.112231     0.988047
827    1.17159   1.17159    -0.0602245     0.114276     0.998825
828    1.16159   1.16159    -0.0526328     0.116325     1.00989
829    1.15159   1.15159    -0.0451818     0.118379     1.02125
830    1.14159   1.14159    -0.0378722     0.120438     1.0329
831    1.13159   1.13159    -0.0307044     0.1225     1.04482
832    1.12159   1.12159    -0.0236783     0.124565     1.05701
833    1.11159   1.11159    -0.0167936     0.126634     1.06948
834    1.10159   1.10159    -0.0100496     0.128705     1.08221
835    1.09159   1.09159    -0.00344528     0.130779     1.09519
836    1.08159   1.08159    0.00302057     0.132854     1.10843
837    1.07159   1.07159    0.0093495     0.134931     1.12191
838    1.06159   1.06159    0.0155433     0.137008     1.13563
839    1.05159   1.05159    0.021604     0.139087     1.14957
840    1.04159   1.04159    0.0275338     0.141165     1.16374
841    1.03159   1.03159    0.033335     0.143243     1.17812
842    1.02159   1.02159    0.0390101     0.145321     1.19271
843    1.01159   1.01159    0.0445619     0.147397     1.20749
844    1.00159   1.00159    0.049993     0.149472     1.22246
845    0.991593   0.991593    0.0553063     0.151545     1.23761
846    0.981593   0.981593    0.0605047     0.153616     1.25294
847    0.971593   0.971593    0.0655911     0.155684     1.26842
848    0.961593   0.961593    0.0705686     0.157749     1.28406
849    0.951593   0.951593    0.0754401     0.15981     1.29985
850    0.941593   0.941593    0.0802088     0.161867     1.31577
851    0.931593   0.931593    0.0848774     0.163919     1.33181
852    0.921593   0.921593    0.0894491     0.165967     1.34798
853    0.911593   0.911593    0.0939268     0.168009     1.36425
854    0.901593   0.901593    0.0983134     0.170046     1.38063
855    0.891593   0.891593    0.102612     0.172076     1.39709
856    0.881593   0.881593    0.106824     0.174099     1.41364
857    0.871593   0.871593    0.110954     0.176116     1.43026
858    0.861593   0.861593    0.115004     0.178125     1.44695
859    0.851593   0.851593    0.118977     0.180126     1.4637
860    0.841593   0.841593    0.122874     0.182118     1.48049
861    0.831593   0.831593    0.126698     0.184102     1.49732
862    0.821593   0.821593    0.130453     0.186076     1.51418
863    0.811593   0.811593    0.134139     0.18804     1.53106
864    0.801593   0.801593    0.137758     0.189995     1.54796
865    0.791593   0.791593    0.141314     0.191939     1.56487
866    0.781593   0.781593    0.144808     0.193871     1.58177
867    0.771593   0.771593    0.148242     0.195792     1.59866
868    0.761593   0.761593    0.151617     0.197702     1.61553
869    0.751593   0.751593    0.154936     0.199599     1.63238
870    0.741593   0.741593    0.158199     0.201483     1.6492
871    0.731593   0.731593    0.161409     0.203354     1.66597
872    0.721593   0.721593    0.164566     0.205211     1.6827
873    0.711593   0.711593    0.167673     0.207055     1.69937
874    0.701593   0.701593    0.170729     0.208884     1.71598
875    0.691593   0.691593    0.173737     0.210697     1.73251
876    0.681593   0.681593    0.176698     0.212496     1.74897
877    0.671593   0.671593    0.179612     0.214279     1.76535
878    0.661593   0.661593    0.18248     0.216046     1.78163
879    0.651593   0.651593    0.185304     0.217796     1.79782
880    0.641593   0.641593    0.188083     0.219529     1.8139
881    0.631593   0.631593    0.19082     0.221245     1.82988
882    0.621593   0.621593    0.193514     0.222944     1.84573
883    0.611593   0.611593    0.196166     0.224624     1.86146
884    0.601593   0.601593    0.198776     0.226285     1.87707
885    0.591593   0.591593    0.201345     0.227928     1.89253
886    0.581593   0.581593    0.203874     0.229551     1.90785
887    0.571593   0.571593    0.206363     0.231154     1.92303
888    0.561593   0.561593    0.208811     0.232738     1.93805
889    0.551593   0.551593    0.21122     0.234301     1.95292
890    0.541593   0.541593    0.21359     0.235843     1.96761
891    0.531593   0.531593    0.21592     0.237364     1.98214
892    0.521593   0.521593    0.218212     0.238863     1.99649
893    0.511593   0.511593    0.220464     0.240341     2.01066
894    0.501593   0.501593    0.222677     0.241796     2.02465
895    0.491593   0.491593    0.224852     0.243228     2.03844
896    0.481593   0.481593    0.226987     0.244638     2.05204
897    0.471593   0.471593    0.229084     0.246024     2.06543
898    0.461593   0.461593    0.231141     0.247386     2.07862
899    0.451593   0.451593    0.23316     0.248725     2.0916
900    0.441593   0.441593    0.235139     0.250039     2.10436
901    0.431593   0.431593    0.237079     0.251329     2.1169
902    0.421593   0.421593    0.23898     0.252594     2.12922
903    0.411593   0.411593    0.240841     0.253833     2.14131
904    0.401593   0.401593    0.242662     0.255047     2.15316
905    0.391593   0.391593    0.244443     0.256235     2.16478
906    0.381593   0.381593    0.246184     0.257397     2.17616
907    0.371593   0.371593    0.247884     0.258533     2.18729
908    0.361593   0.361593    0.249544     0.259642     2.19817
909    0.351593   0.351593    0.251162     0.260724     2.2088
910    0.341593   0.341593    0.25274     0.261778     2.21918
911    0.331593   0.331593    0.254276     0.262805     2.22929
912    0.321593   0.321593    0.25577     0.263805     2.23914
913    0.311593   0.311593    0.257222     0.264776     2.24873
914    0.301593   0.301593    0.258632     0.26572     2.25804
915    0.291593   0.291593    0.26     0.266634     2.26708
916    0.281593   0.281593    0.261324     0.267521     2.27585
917    0.271593   0.271593    0.262605     0.268378     2.28433
918    0.261593   0.261593    0.263843     0.269206     2.29253
919    0.251593   0.251593    0.265037     0.270005     2.30045
920    0.241593   0.241593    0.266187     0.270774     2.30809
921    0.231593   0.231593    0.267293     0.271514     2.31543
922    0.221593   0.221593    0.268355     0.272223     2.32248
923    0.211593   0.211593    0.269371     0.272903     2.32923
924    0.201593   0.201593    0.270343     0.273552     2.33569
925    0.191593   0.191593    0.271269     0.274171     2.34185
926    0.181593   0.181593    0.272149     0.27476     2.34771
927    0.171593   0.171593    0.272984     0.275318     2.35326
928    0.161593   0.161593    0.273773     0.275845     2.35852
929    0.151593   0.151593    0.274516     0.276341     2.36346
930    0.141593   0.141593    0.275212     0.276806     2.3681
931    0.131593   0.131593    0.275862     0.277239     2.37242
932    0.121593   0.121593    0.276465     0.277642     2.37644
933    0.111593   0.111593    0.277021     0.278013     2.38014
934    0.101593   0.101593    0.277529     0.278352     2.38353
935    0.0915927   0.0915927    0.277991     0.27866     2.38661
936    0.0815927   0.0815927    0.278405     0.278936     2.38937
937    0.0715927   0.0715927    0.278771     0.279181     2.39181
938    0.0615927   0.0615927    0.27909     0.279393     2.39394
939    0.0515927   0.0515927    0.279362     0.279574     2.39574
940    0.0415927   0.0415927    0.279585     0.279723     2.39723
941    0.0315927   0.0315927    0.279761     0.27984     2.3984
942    0.0215927   0.0215927    0.279888     0.279925     2.39925
943    0.0115927   0.0115927    0.279968     0.279978     2.39978
944    0.00159265   0.00159265    0.279999     0.28     2.4
